Tiempo,Rotación pelvis_X,Rotación pelvis_Y,Inclinación pelvis_X,Inclinación pelvis_Y,Oblicuidad pelvis_X,Oblicuidad pelvis_Y
0.00000,0.00000,-0.15968,0.00000,-0.89252,0.00000,-0.43090
0.01000,0.01000,-0.14477,0.01000,-0.88906,0.01000,-0.43619
0.02000,0.02000,-0.12848,0.02000,-0.88315,0.02000,-0.44179
0.03000,0.03000,-0.11148,0.03000,-0.87469,0.03000,-0.44741
0.04001,0.04000,-0.09449,0.04000,-0.86383,0.04000,-0.45273
0.05001,0.05000,-0.07827,0.05000,-0.85104,0.05000,-0.45743
0.06001,0.06000,-0.06354,0.06000,-0.83707,0.06000,-0.46124
0.07001,0.07000,-0.05089,0.07000,-0.82297,0.07000,-0.46395
0.08001,0.08000,-0.04075,0.08000,-0.80997,0.08000,-0.46543
0.09001,0.09000,-0.03334,0.09000,-0.79939,0.09000,-0.46568
0.10001,0.10000,-0.02868,0.10000,-0.79250,0.10000,-0.46478
0.11002,0.11000,-0.02661,0.11000,-0.79039,0.11000,-0.46291
0.12002,0.12000,-0.02680,0.12000,-0.79383,0.12000,-0.46030
0.13002,0.13000,-0.02882,0.13000,-0.80320,0.13000,-0.45726
0.14002,0.14000,-0.03216,0.14000,-0.81837,0.14000,-0.45411
0.15002,0.15000,-0.03634,0.15000,-0.83871,0.15000,-0.45114
0.16002,0.16000,-0.04088,0.16000,-0.86316,0.16000,-0.44866
0.17002,0.17000,-0.04540,0.17000,-0.89027,0.17000,-0.44690
0.18003,0.18000,-0.04965,0.18000,-0.91833,0.18000,-0.44601
0.19003,0.19000,-0.05346,0.19000,-0.94555,0.19000,-0.44606
0.20003,0.20000,-0.05683,0.20000,-0.97019,0.20000,-0.44701
0.21003,0.21000,-0.05986,0.21000,-0.99071,0.21000,-0.44874
0.22003,0.22000,-0.06278,0.22000,-1.00592,0.22000,-0.45106
0.23003,0.23000,-0.06590,0.23000,-1.01505,0.23000,-0.45370
0.24003,0.24000,-0.06958,0.24000,-1.01785,0.24000,-0.45639
0.25004,0.25000,-0.07419,0.25000,-1.01458,0.25000,-0.45886
0.26004,0.26000,-0.08009,0.26000,-1.00603,0.26000,-0.46085
0.27004,0.27000,-0.08756,0.27000,-0.99337,0.27000,-0.46216
0.28004,0.28000,-0.09679,0.28000,-0.97816,0.28000,-0.46265
0.29004,0.29000,-0.10785,0.29000,-0.96213,0.29000,-0.46226
0.30004,0.30000,-0.12066,0.30000,-0.94707,0.30000,-0.46100
0.31004,0.31000,-0.13497,0.31000,-0.93470,0.31000,-0.45896
0.32005,0.32000,-0.15041,0.32000,-0.92653,0.32000,-0.45630
0.33005,0.33000,-0.16645,0.33000,-0.92368,0.33000,-0.45324
0.34005,0.34000,-0.18248,0.34000,-0.92688,0.34000,-0.45001
0.35005,0.35000,-0.19783,0.35000,-0.93634,0.35000,-0.44685
0.36005,0.36000,-0.21181,0.36000,-0.95177,0.36000,-0.44395
0.37005,0.37000,-0.22379,0.37000,-0.97242,0.37000,-0.44150
0.38005,0.38000,-0.23321,0.38000,-0.99708,0.38000,-0.43956
0.39006,0.39000,-0.23966,0.39000,-1.02425,0.39000,-0.43819
0.40006,0.40000,-0.24291,0.40000,-1.05220,0.40000,-0.43735
0.41006,0.41000,-0.24292,0.41000,-1.07916,0.41000,-0.43700
0.42006,0.42000,-0.23986,0.42000,-1.10342,0.42000,-0.43706
0.43006,0.43000,-0.23407,0.43000,-1.12351,0.43000,-0.43746
0.44006,0.44000,-0.22605,0.44000,-1.13830,0.44000,-0.43814
0.45006,0.45000,-0.21641,0.45000,-1.14711,0.45000,-0.43903
0.46007,0.46000,-0.20586,0.46000,-1.14975,0.46000,-0.44008
0.47007,0.47000,-0.19514,0.47000,-1.14653,0.47000,-0.44126
0.48007,0.48000,-0.18497,0.48000,-1.13825,0.48000,-0.44250
0.49007,0.49000,-0.17603,0.49000,-1.12615,0.49000,-0.44377
0.50007,0.50000,-0.16891,0.50000,-1.11175,0.50000,-0.44507
0.51007,0.51000,-0.16405,0.51000,-1.09678,0.51000,-0.44640
0.52007,0.52000,-0.16169,0.52000,-1.08300,0.52000,-0.44780
0.53008,0.53000,-0.16188,0.53000,-1.07208,0.53000,-0.44930
0.54008,0.54000,-0.16447,0.54000,-1.06544,0.54000,-0.45098
0.55008,0.55000,-0.16911,0.55000,-1.06414,0.55000,-0.45290
0.56008,0.56000,-0.17530,0.56000,-1.06879,0.56000,-0.45508
0.57008,0.57000,-0.18244,0.57000,-1.07950,0.57000,-0.45753
0.58008,0.58000,-0.18991,0.58000,-1.09584,0.58000,-0.46023
0.59008,0.59000,-0.19708,0.59000,-1.11686,0.59000,-0.46310
0.60009,0.60000,-0.20343,0.60000,-1.14116,0.60000,-0.46605
0.61009,0.61000,-0.20853,0.61000,-1.16704,0.61000,-0.46897
0.62009,0.62000,-0.21206,0.62000,-1.19257,0.62000,-0.47174
0.63009,0.63000,-0.21385,0.63000,-1.21579,0.63000,-0.47425
0.64009,0.64000,-0.21387,0.64000,-1.23492,0.64000,-0.47641
0.65009,0.65000,-0.21221,0.65000,-1.24842,0.65000,-0.47817
0.66009,0.66000,-0.20912,0.66000,-1.25518,0.66000,-0.47947
0.67010,0.67000,-0.20497,0.67000,-1.25461,0.67000,-0.48030
0.68010,0.68000,-0.20028,0.68000,-1.24661,0.68000,-0.48067
0.69010,0.69000,-0.19566,0.69000,-1.23164,0.69000,-0.48058
0.70010,0.70000,-0.19181,0.70000,-1.21063,0.70000,-0.48010
0.71010,0.71000,-0.18945,0.71000,-1.18490,0.71000,-0.47930
0.72010,0.72000,-0.18921,0.72000,-1.15610,0.72000,-0.47828
0.73010,0.73000,-0.19162,0.73000,-1.12605,0.73000,-0.47716
0.74011,0.74000,-0.19697,0.74000,-1.09662,0.74000,-0.47610
0.75011,0.75000,-0.20533,0.75000,-1.06963,0.75000,-0.47528
0.76011,0.76000,-0.21648,0.76000,-1.04670,0.76000,-0.47486
0.77011,0.77000,-0.22996,0.77000,-1.02911,0.77000,-0.47505
0.78011,0.78000,-0.24507,0.78000,-1.01775,0.78000,-0.47600
0.79011,0.79000,-0.26094,0.79000,-1.01301,0.79000,-0.47787
0.80011,0.80000,-0.27662,0.80000,-1.01477,0.80000,-0.48077
0.81012,0.81000,-0.29114,0.81000,-1.02241,0.81000,-0.48477
0.82012,0.82000,-0.30362,0.82000,-1.03488,0.82000,-0.48987
0.83012,0.83000,-0.31333,0.83000,-1.05074,0.83000,-0.49601
0.84012,0.84000,-0.31979,0.84000,-1.06834,0.84000,-0.50302
0.85012,0.85000,-0.32276,0.85000,-1.08596,0.85000,-0.51071
0.86012,0.86000,-0.32233,0.86000,-1.10192,0.86000,-0.51880
0.87012,0.87000,-0.31889,0.87000,-1.11479,0.87000,-0.52698
0.88013,0.88000,-0.31307,0.88000,-1.12351,0.88000,-0.53495
0.89013,0.89000,-0.30573,0.89000,-1.12748,0.89000,-0.54242
0.90013,0.90000,-0.29785,0.90000,-1.12663,0.90000,-0.54914
0.91013,0.91000,-0.29043,0.91000,-1.12144,0.91000,-0.55491
0.92013,0.92000,-0.28442,0.92000,-1.11288,0.92000,-0.55960
0.93013,0.93000,-0.28061,0.93000,-1.10233,0.93000,-0.56317
0.94013,0.94000,-0.27955,0.94000,-1.09145,0.94000,-0.56566
0.95014,0.95000,-0.28155,0.95000,-1.08200,0.95000,-0.56721
0.96014,0.96000,-0.28657,0.96000,-1.07570,0.96000,-0.56801
0.97014,0.97000,-0.29430,0.97000,-1.07406,0.97000,-0.56835
0.98014,0.98000,-0.30417,0.98000,-1.07822,0.98000,-0.56856
0.99014,0.99000,-0.31535,0.99000,-1.08890,0.99000,-0.56899
1.00014,1.00000,-0.32690,1.00000,-1.10630,1.00000,-0.57001
1.01014,1.01000,-0.33781,1.01000,-1.13006,1.01000,-0.57190
1.02015,1.02000,-0.34710,1.02000,-1.15933,1.02000,-0.57490
1.03015,1.03000,-0.35391,1.03000,-1.19281,1.03000,-0.57913
1.04015,1.04000,-0.35759,1.04000,-1.22886,1.04000,-0.58461
1.05015,1.05000,-0.35771,1.05000,-1.26562,1.05000,-0.59123
1.06015,1.06000,-0.35417,1.06000,-1.30119,1.06000,-0.59878
1.07015,1.07000,-0.34713,1.07000,-1.33378,1.07000,-0.60698
1.08015,1.08000,-0.33702,1.08000,-1.36185,1.08000,-0.61544
1.09016,1.09000,-0.32451,1.09000,-1.38425,1.09000,-0.62377
1.10016,1.10000,-0.31046,1.10000,-1.40029,1.10000,-0.63155
1.11016,1.11000,-0.29582,1.11000,-1.40985,1.11000,-0.63840
1.12016,1.12000,-0.28158,1.12000,-1.41330,1.12000,-0.64399
1.13016,1.13000,-0.26869,1.13000,-1.41155,1.13000,-0.64809
1.14016,1.14000,-0.25796,1.14000,-1.40585,1.14000,-0.65058
1.15016,1.15000,-0.25004,1.15000,-1.39776,1.15000,-0.65146
1.16017,1.16000,-0.24533,1.16000,-1.38894,1.16000,-0.65087
1.17017,1.17000,-0.24398,1.17000,-1.38100,1.17000,-0.64906
1.18017,1.18000,-0.24591,1.18000,-1.37537,1.18000,-0.64636
1.19017,1.19000,-0.25079,1.19000,-1.37318,1.19000,-0.64316
1.20017,1.20000,-0.25809,1.20000,-1.37514,1.20000,-0.63986
1.21017,1.21000,-0.26719,1.21000,-1.38151,1.21000,-0.63683
1.22017,1.22000,-0.27738,1.22000,-1.39204,1.22000,-0.63437
1.23018,1.23000,-0.28797,1.23000,-1.40606,1.23000,-0.63268
1.24018,1.24000,-0.29836,1.24000,-1.42249,1.24000,-0.63187
1.25018,1.25000,-0.30806,1.25000,-1.43997,1.25000,-0.63192
1.26018,1.26000,-0.31677,1.26000,-1.45700,1.26000,-0.63276
1.27018,1.27000,-0.32437,1.27000,-1.47205,1.27000,-0.63420
1.28018,1.28000,-0.33092,1.28000,-1.48371,1.28000,-0.63605
1.29018,1.29000,-0.33670,1.29000,-1.49083,1.29000,-0.63804
1.30019,1.30000,-0.34209,1.30000,-1.49263,1.30000,-0.63994
1.31019,1.31000,-0.34760,1.31000,-1.48873,1.31000,-0.64148
1.32019,1.32000,-0.35379,1.32000,-1.47923,1.32000,-0.64244
1.33019,1.33000,-0.36123,1.33000,-1.46464,1.33000,-0.64262
1.34019,1.34000,-0.37046,1.34000,-1.44589,1.34000,-0.64185
1.35019,1.35000,-0.38193,1.35000,-1.42417,1.35000,-0.64002
1.36019,1.36000,-0.39597,1.36000,-1.40090,1.36000,-0.63704
1.37020,1.37000,-0.41276,1.37000,-1.37755,1.37000,-0.63290
1.38020,1.38000,-0.43226,1.38000,-1.35557,1.38000,-0.62767
1.39020,1.39000,-0.45422,1.39000,-1.33623,1.39000,-0.62146
1.40020,1.40000,-0.47814,1.40000,-1.32058,1.40000,-0.61447
1.41020,1.41000,-0.50323,1.41000,-1.30928,1.41000,-0.60696
1.42020,1.42000,-0.52851,1.42000,-1.30267,1.42000,-0.59922
1.43020,1.43000,-0.55279,1.43000,-1.30065,1.43000,-0.59157
1.44021,1.44000,-0.57482,1.44000,-1.30273,1.44000,-0.58433
1.45021,1.45000,-0.59336,1.45000,-1.30812,1.45000,-0.57780
1.46021,1.46000,-0.60736,1.46000,-1.31576,1.46000,-0.57223
1.47021,1.47000,-0.61603,1.47000,-1.32447,1.47000,-0.56781
1.48021,1.48000,-0.61900,1.48000,-1.33302,1.48000,-0.56462
1.49021,1.49000,-0.61630,1.49000,-1.34033,1.49000,-0.56269
1.50021,1.50000,-0.60847,1.50000,-1.34547,1.50000,-0.56193
1.51022,1.51000,-0.59645,1.51000,-1.34784,1.51000,-0.56216
1.52022,1.52000,-0.58156,1.52000,-1.34715,1.52000,-0.56310
1.53022,1.53000,-0.56535,1.53000,-1.34345,1.53000,-0.56443
1.54022,1.54000,-0.54956,1.54000,-1.33710,1.54000,-0.56573
1.55022,1.55000,-0.53587,1.55000,-1.32872,1.55000,-0.56661
1.56022,1.56000,-0.52588,1.56000,-1.31910,1.56000,-0.56668
1.57022,1.57000,-0.52087,1.57000,-1.30910,1.57000,-0.56558
1.58023,1.58000,-0.52174,1.58000,-1.29957,1.58000,-0.56308
1.59023,1.59000,-0.52891,1.59000,-1.29126,1.59000,-0.55903
1.60023,1.60000,-0.54223,1.60000,-1.28473,1.60000,-0.55342
1.61023,1.61000,-0.56104,1.61000,-1.28031,1.61000,-0.54634
1.62023,1.62000,-0.58413,1.62000,-1.27802,1.62000,-0.53804
1.63023,1.63000,-0.60994,1.63000,-1.27764,1.63000,-0.52883
1.64023,1.64000,-0.63662,1.64000,-1.27866,1.64000,-0.51911
1.65024,1.65000,-0.66224,1.65000,-1.28040,1.65000,-0.50929
1.66024,1.66000,-0.68495,1.66000,-1.28208,1.66000,-0.49982
1.67024,1.67000,-0.70316,1.67000,-1.28290,1.67000,-0.49107
1.68024,1.68000,-0.71565,1.68000,-1.28214,1.68000,-0.48337
1.69024,1.69000,-0.72171,1.69000,-1.27927,1.69000,-0.47692
1.70024,1.70000,-0.72116,1.70000,-1.27396,1.70000,-0.47185
1.71024,1.71000,-0.71442,1.71000,-1.26617,1.71000,-0.46814
1.72025,1.72000,-0.70242,1.72000,-1.25615,1.72000,-0.46568
1.73025,1.73000,-0.68654,1.73000,-1.24440,1.73000,-0.46424
1.74025,1.74000,-0.66850,1.74000,-1.23168,1.74000,-0.46352
1.75025,1.75000,-0.65019,1.75000,-1.21889,1.75000,-0.46316
1.76025,1.76000,-0.63348,1.76000,-1.20700,1.76000,-0.46277
1.77025,1.77000,-0.62007,1.77000,-1.19696,1.77000,-0.46199
1.78025,1.78000,-0.61131,1.78000,-1.18961,1.78000,-0.46046
1.79026,1.79000,-0.60804,1.79000,-1.18554,1.79000,-0.45795
1.80026,1.80000,-0.61053,1.80000,-1.18510,1.80000,-0.45427
1.81026,1.81000,-0.61842,1.81000,-1.18829,1.81000,-0.44939
1.82026,1.82000,-0.63075,1.82000,-1.19478,1.82000,-0.44336
1.83026,1.83000,-0.64609,1.83000,-1.20388,1.83000,-0.43637
1.84026,1.84000,-0.66262,1.84000,-1.21464,1.84000,-0.42869
1.85026,1.85000,-0.67834,1.85000,-1.22589,1.85000,-0.42069
1.86027,1.86000,-0.69126,1.86000,-1.23636,1.86000,-0.41278
1.87027,1.87000,-0.69957,1.87000,-1.24474,1.87000,-0.40536
1.88027,1.88000,-0.70179,1.88000,-1.24988,1.88000,-0.39884
1.89027,1.89000,-0.69698,1.89000,-1.25080,1.89000,-0.39351
1.90027,1.90000,-0.68472,1.90000,-1.24687,1.90000,-0.38956
1.91027,1.91000,-0.66529,1.91000,-1.23778,1.91000,-0.38705
1.92027,1.92000,-0.63954,1.92000,-1.22364,1.92000,-0.38587
1.93028,1.93000,-0.60889,1.93000,-1.20495,1.93000,-0.38579
1.94028,1.94000,-0.57522,1.94000,-1.18257,1.94000,-0.38644
1.95028,1.95000,-0.54066,1.95000,-1.15765,1.95000,-0.38743
1.96028,1.96000,-0.50746,1.96000,-1.13155,1.96000,-0.38834
1.97028,1.97000,-0.47775,1.97000,-1.10576,1.97000,-0.38880
1.98028,1.98000,-0.45338,1.98000,-1.08173,1.98000,-0.38854
1.99028,1.99000,-0.43571,1.99000,-1.06082,1.99000,-0.38738
2.00029,2.00000,-0.42553,2.00000,-1.04415,2.00000,-0.38526
2.01029,2.01000,-0.42297,2.01000,-1.03247,2.01000,-0.38222
2.02029,2.02000,-0.42752,2.02000,-1.02618,2.02000,-0.37838
2.03029,2.03000,-0.43807,2.03000,-1.02518,2.03000,-0.37392
2.04029,2.04000,-0.45303,2.04000,-1.02896,2.04000,-0.36906
2.05029,2.05000,-0.47047,2.05000,-1.03660,2.05000,-0.36401
2.06029,2.06000,-0.48832,2.06000,-1.04685,2.06000,-0.35900
2.07030,2.07000,-0.50447,2.07000,-1.05825,2.07000,-0.35420
2.08030,2.08000,-0.51703,2.08000,-1.06925,2.08000,-0.34976
2.09030,2.09000,-0.52440,2.09000,-1.07835,2.09000,-0.34576
2.10030,2.10000,-0.52540,2.10000,-1.08421,2.10000,-0.34221
2.11030,2.11000,-0.51939,2.11000,-1.08575,2.11000,-0.33905
2.12030,2.12000,-0.50625,2.12000,-1.08224,2.12000,-0.33617
2.13030,2.13000,-0.48638,2.13000,-1.07334,2.13000,-0.33338
2.14031,2.14000,-0.46070,2.14000,-1.05913,2.14000,-0.33046
2.15031,2.15000,-0.43051,2.15000,-1.04010,2.15000,-0.32715
2.16031,2.16000,-0.39737,2.16000,-1.01710,2.16000,-0.32322
2.17031,2.17000,-0.36303,2.17000,-0.99135,2.17000,-0.31849
2.18031,2.18000,-0.32919,2.18000,-0.96430,2.18000,-0.31282
2.19031,2.19000,-0.29746,2.19000,-0.93755,2.19000,-0.30619
2.20031,2.20000,-0.26917,2.20000,-0.91275,2.20000,-0.29867
2.21032,2.21000,-0.24528,2.21000,-0.89145,2.21000,-0.29043
2.22032,2.22000,-0.22633,2.22000,-0.87498,2.22000,-0.28175
2.23032,2.23000,-0.21238,2.23000,-0.86433,2.23000,-0.27299
2.24032,2.24000,-0.20302,2.24000,-0.86012,2.24000,-0.26454
2.25032,2.25000,-0.19739,2.25000,-0.86251,2.25000,-0.25681
2.26032,2.26000,-0.19429,2.26000,-0.87120,2.26000,-0.25017
2.27032,2.27000,-0.19228,2.27000,-0.88547,2.27000,-0.24490
2.28033,2.28000,-0.18981,2.28000,-0.90422,2.28000,-0.24120
2.29033,2.29000,-0.18538,2.29000,-0.92604,2.29000,-0.23916
2.30033,2.30000,-0.17769,2.30000,-0.94935,2.30000,-0.23871
2.31033,2.31000,-0.16578,2.31000,-0.97246,2.31000,-0.23969
2.32033,2.32000,-0.14912,2.32000,-0.99370,2.32000,-0.24181
2.33033,2.33000,-0.12763,2.33000,-1.01158,2.33000,-0.24473
2.34033,2.34000,-0.10175,2.34000,-1.02482,2.34000,-0.24802
2.35034,2.35000,-0.07235,2.35000,-1.03250,2.35000,-0.25122
2.36034,2.36000,-0.04067,2.36000,-1.03412,2.36000,-0.25388
2.37034,2.37000,-0.00822,2.37000,-1.02959,2.37000,-0.25559
2.38034,2.38000,0.02341,2.38000,-1.01932,2.38000,-0.25599
2.39034,2.39000,0.05265,2.39000,-1.00410,2.39000,-0.25483
2.40034,2.40000,0.07810,2.40000,-0.98511,2.40000,-0.25198
2.41034,2.41000,0.09869,2.41000,-0.96379,2.41000,-0.24747
2.42035,2.42000,0.11370,2.42000,-0.94174,2.42000,-0.24143
2.43035,2.43000,0.12290,2.43000,-0.92057,2.43000,-0.23416
2.44035,2.44000,0.12645,2.44000,-0.90178,2.44000,-0.22603
2.45035,2.45000,0.12495,2.45000,-0.88662,2.45000,-0.21750
2.46035,2.46000,0.11932,2.46000,-0.87596,2.46000,-0.20902
2.47035,2.47000,0.11073,2.47000,-0.87022,2.47000,-0.20103
2.48035,2.48000,0.10047,2.48000,-0.86933,2.48000,-0.19394
2.49036,2.49000,0.08988,2.49000,-0.87274,2.49000,-0.18802
2.50036,2.50000,0.08021,2.50000,-0.87949,2.50000,-0.18348
2.51036,2.51000,0.07257,2.51000,-0.88829,2.51000,-0.18039
2.52036,2.52000,0.06782,2.52000,-0.89765,2.52000,-0.17872
2.53036,2.53000,0.06653,2.53000,-0.90601,2.53000,-0.17834
2.54036,2.54000,0.06897,2.54000,-0.91188,2.54000,-0.17902
2.55036,2.55000,0.07506,2.55000,-0.91394,2.55000,-0.18048
2.56037,2.56000,0.08442,2.56000,-0.91117,2.56000,-0.18237
2.57037,2.57000,0.09638,2.57000,-0.90289,2.57000,-0.18432
2.58037,2.58000,0.11004,2.58000,-0.88885,2.58000,-0.18593
2.59037,2.59000,0.12434,2.59000,-0.86925,2.59000,-0.18685
2.60037,2.60000,0.13814,2.60000,-0.84468,2.60000,-0.18674
2.61037,2.61000,0.15029,2.61000,-0.81615,2.61000,-0.18535
2.62037,2.62000,0.15973,2.62000,-0.78498,2.62000,-0.18252
2.63038,2.63000,0.16559,2.63000,-0.75271,2.63000,-0.17821
2.64038,2.64000,0.16725,2.64000,-0.72098,2.64000,-0.17250
2.65038,2.65000,0.16441,2.65000,-0.69141,2.65000,-0.16561
2.66038,2.66000,0.15712,2.66000,-0.66545,2.66000,-0.15785
2.67038,2.67000,0.14582,2.67000,-0.64430,2.67000,-0.14960
2.68038,2.68000,0.13128,2.68000,-0.62882,2.68000,-0.14131
2.69038,2.69000,0.11457,2.69000,-0.61942,2.69000,-0.13343
2.70039,2.70000,0.09695,2.70000,-0.61606,2.70000,-0.12636
2.71039,2.71000,0.07977,2.71000,-0.61829,2.71000,-0.12045
2.72039,2.72000,0.06436,2.72000,-0.62521,2.72000,-0.11595
2.73039,2.73000,0.05191,2.73000,-0.63564,2.73000,-0.11301
2.74039,2.74000,0.04335,2.74000,-0.64814,2.74000,-0.11162
2.75039,2.75000,0.03927,2.75000,-0.66121,2.75000,-0.11171
2.76039,2.76000,0.03988,2.76000,-0.67333,2.76000,-0.11304
2.77040,2.77000,0.04497,2.77000,-0.68316,2.77000,-0.11531
2.78040,2.78000,0.05390,2.78000,-0.68958,2.78000,-0.11814
2.79040,2.79000,0.06568,2.79000,-0.69183,2.79000,-0.12112
2.80040,2.80000,0.07901,2.80000,-0.68954,2.80000,-0.12380
2.81040,2.81000,0.09241,2.81000,-0.68277,2.81000,-0.12577
2.82040,2.82000,0.10430,2.82000,-0.67198,2.82000,-0.12668
2.83040,2.83000,0.11318,2.83000,-0.65804,2.83000,-0.12628
2.84041,2.84000,0.11770,2.84000,-0.64214,2.84000,-0.12445
2.85041,2.85000,0.11681,2.85000,-0.62572,2.85000,-0.12122
2.86041,2.86000,0.10988,2.86000,-0.61034,2.86000,-0.11679
2.87041,2.87000,0.09672,2.87000,-0.59757,2.87000,-0.11150
2.88041,2.88000,0.07761,2.88000,-0.58887,2.88000,-0.10583
2.89041,2.89000,0.05331,2.89000,-0.58540,2.89000,-0.10035
2.90041,2.90000,0.02494,2.90000,-0.58796,2.90000,-0.09565
2.91042,2.91000,-0.00607,2.91000,-0.59687,2.91000,-0.09227
2.92042,2.92000,-0.03814,2.92000,-0.61194,2.92000,-0.09071
2.93042,2.93000,-0.06964,2.93000,-0.63246,2.93000,-0.09129
2.94042,2.94000,-0.09903,2.94000,-0.65729,2.94000,-0.09422
2.95042,2.95000,-0.12497,2.95000,-0.68494,2.95000,-0.09949
2.96042,2.96000,-0.14639,2.96000,-0.71373,2.96000,-0.10692
2.97042,2.97000,-0.16260,2.97000,-0.74190,2.97000,-0.11618
2.98043,2.98000,-0.17332,2.98000,-0.76782,2.98000,-0.12680
2.99043,2.99000,-0.17866,2.99000,-0.79006,2.99000,-0.13820
3.00043,3.00000,-0.17916,3.00000,-0.80756,3.00000,-0.14978
3.01043,3.01000,-0.17566,3.01000,-0.81964,3.01000,-0.16089
3.02043,3.02000,-0.16928,3.02000,-0.82610,3.02000,-0.17093
3.03043,3.03000,-0.16126,3.03000,-0.82716,3.03000,-0.17936
3.04043,3.04000,-0.15292,3.04000,-0.82345,3.04000,-0.18574
3.05044,3.05000,-0.14552,3.05000,-0.81591,3.05000,-0.18976
3.06044,3.06000,-0.14016,3.06000,-0.80572,3.06000,-0.19124
3.07044,3.07000,-0.13769,3.07000,-0.79414,3.07000,-0.19017
3.08044,3.08000,-0.13864,3.08000,-0.78240,3.08000,-0.18672
3.09044,3.09000,-0.14318,3.09000,-0.77160,3.09000,-0.18120
3.10044,3.10000,-0.15112,3.10000,-0.76255,3.10000,-0.17404
3.11044,3.11000,-0.16189,3.11000,-0.75572,3.11000,-0.16577
3.12045,3.12000,-0.17466,3.12000,-0.75118,3.12000,-0.15697
3.13045,3.13000,-0.18838,3.13000,-0.74862,3.13000,-0.14817
3.14045,3.14000,-0.20195,3.14000,-0.74735,3.14000,-0.13989
3.15045,3.15000,-0.21427,3.15000,-0.74642,3.15000,-0.13252
3.16045,3.16000,-0.22439,3.16000,-0.74475,3.16000,-0.12637
3.17045,3.17000,-0.23161,3.17000,-0.74123,3.17000,-0.12163
3.18045,3.18000,-0.23555,3.18000,-0.73487,3.18000,-0.11837
3.19046,3.19000,-0.23619,3.19000,-0.72493,3.19000,-0.11654
3.20046,3.20000,-0.23391,3.20000,-0.71096,3.20000,-0.11601
3.21046,3.21000,-0.22943,3.21000,-0.69286,3.21000,-0.11650
3.22046,3.22000,-0.22377,3.22000,-0.67089,3.22000,-0.11768
3.23046,3.23000,-0.21816,3.23000,-0.64561,3.23000,-0.11915
3.24046,3.24000,-0.21388,3.24000,-0.61786,3.24000,-0.12048
3.25046,3.25000,-0.21216,3.25000,-0.58868,3.25000,-0.12122
3.26047,3.26000,-0.21400,3.26000,-0.55919,3.26000,-0.12100
3.27047,3.27000,-0.22010,3.27000,-0.53054,3.27000,-0.11949
3.28047,3.28000,-0.23076,3.28000,-0.50377,3.28000,-0.11651
3.29047,3.29000,-0.24580,3.29000,-0.47974,3.29000,-0.11195
3.30047,3.30000,-0.26458,3.30000,-0.45906,3.30000,-0.10587
3.31047,3.31000,-0.28605,3.31000,-0.44201,3.31000,-0.09847
3.32047,3.32000,-0.30881,3.32000,-0.42854,3.32000,-0.09006
3.33048,3.33000,-0.33119,3.33000,-0.41830,3.33000,-0.08106
3.34048,3.34000,-0.35143,3.34000,-0.41065,3.34000,-0.07194
3.35048,3.35000,-0.36775,3.35000,-0.40477,3.35000,-0.06325
3.36048,3.36000,-0.37853,3.36000,-0.39976,3.36000,-0.05550
3.37048,3.37000,-0.38245,3.37000,-0.39474,3.37000,-0.04919
3.38048,3.38000,-0.37860,3.38000,-0.38898,3.38000,-0.04473
3.39048,3.39000,-0.36657,3.39000,-0.38199,3.39000,-0.04241
3.40049,3.40000,-0.34655,3.40000,-0.37354,3.40000,-0.04240
3.41049,3.41000,-0.31932,3.41000,-0.36373,3.41000,-0.04469
3.42049,3.42000,-0.28617,3.42000,-0.35293,3.42000,-0.04910
3.43049,3.43000,-0.24888,3.43000,-0.34175,3.43000,-0.05529
3.44049,3.44000,-0.20952,3.44000,-0.33095,3.44000,-0.06276
3.45049,3.45000,-0.17031,3.45000,-0.32136,3.45000,-0.07090
3.46049,3.46000,-0.13342,3.46000,-0.31377,3.46000,-0.07905
3.47050,3.47000,-0.10082,3.47000,-0.30885,3.47000,-0.08653
3.48050,3.48000,-0.07412,3.48000,-0.30708,3.48000,-0.09272
3.49050,3.49000,-0.05446,3.49000,-0.30870,3.49000,-0.09711
3.50050,3.50000,-0.04244,3.50000,-0.31367,3.50000,-0.09935
3.51050,3.51000,-0.03810,3.51000,-0.32165,3.51000,-0.09923
3.52050,3.52000,-0.04091,3.52000,-0.33206,3.52000,-0.09676
3.53050,3.53000,-0.04983,3.53000,-0.34408,3.53000,-0.09214
3.54051,3.54000,-0.06340,3.54000,-0.35673,3.54000,-0.08571
3.55051,3.55000,-0.07981,3.55000,-0.36893,3.55000,-0.07798
3.56051,3.56000,-0.09709,3.56000,-0.37964,3.56000,-0.06955
3.57051,3.57000,-0.11319,3.57000,-0.38790,3.57000,-0.06109
3.58051,3.58000,-0.12615,3.58000,-0.39294,3.58000,-0.05323
3.59051,3.59000,-0.13426,3.59000,-0.39428,3.59000,-0.04657
3.60051,3.60000,-0.13615,3.60000,-0.39173,3.60000,-0.04157
3.61052,3.61000,-0.13090,3.61000,-0.38547,3.61000,-0.03854
3.62052,3.62000,-0.11812,3.62000,-0.37601,3.62000,-0.03762
3.63052,3.63000,-0.09797,3.63000,-0.36416,3.63000,-0.03872
3.64052,3.64000,-0.07118,3.64000,-0.35097,3.64000,-0.04162
3.65052,3.65000,-0.03896,3.65000,-0.33766,3.65000,-0.04594
3.66052,3.66000,-0.00294,3.66000,-0.32551,3.66000,-0.05118
3.67052,3.67000,0.03496,3.67000,-0.31575,3.67000,-0.05679
3.68053,3.68000,0.07268,3.68000,-0.30948,3.68000,-0.06219
3.69053,3.69000,0.10813,3.69000,-0.30754,3.69000,-0.06686
3.70053,3.70000,0.13943,3.70000,-0.31045,3.70000,-0.07035
3.71053,3.71000,0.16495,3.71000,-0.31831,3.71000,-0.07231
3.72053,3.72000,0.18349,3.72000,-0.33081,3.72000,-0.07257
3.73053,3.73000,0.19437,3.73000,-0.34721,3.73000,-0.07106
3.74053,3.74000,0.19742,3.74000,-0.36640,3.74000,-0.06789
3.75054,3.75000,0.19300,3.75000,-0.38696,3.75000,-0.06326
3.76054,3.76000,0.18198,3.76000,-0.40731,3.76000,-0.05747
3.77054,3.77000,0.16565,3.77000,-0.42580,3.77000,-0.05088
3.78054,3.78000,0.14557,3.78000,-0.44090,3.78000,-0.04389
3.79054,3.79000,0.12349,3.79000,-0.45128,3.79000,-0.03692
3.80054,3.80000,0.10120,3.80000,-0.45598,3.80000,-0.03037
3.81054,3.81000,0.08038,3.81000,-0.45442,3.81000,-0.02459
3.82055,3.82000,0.06252,3.82000,-0.44649,3.82000,-0.01987
3.83055,3.83000,0.04877,3.83000,-0.43258,3.83000,-0.01637
3.84055,3.84000,0.03991,3.84000,-0.41345,3.84000,-0.01415
3.85055,3.85000,0.03628,3.85000,-0.39028,3.85000,-0.01315
3.86055,3.86000,0.03778,3.86000,-0.36447,3.86000,-0.01316
3.87055,3.87000,0.04390,3.87000,-0.33763,3.87000,-0.01387
3.88055,3.88000,0.05381,3.88000,-0.31138,3.88000,-0.01490
3.89056,3.89000,0.06640,3.89000,-0.28731,3.89000,-0.01583
3.90056,3.90000,0.08047,3.90000,-0.26681,3.90000,-0.01623
3.91056,3.91000,0.09481,3.91000,-0.25100,3.91000,-0.01575
3.92056,3.92000,0.10832,3.92000,-0.24068,3.92000,-0.01411
3.93056,3.93000,0.12009,3.93000,-0.23618,3.93000,-0.01115
3.94056,3.94000,0.12947,3.94000,-0.23743,3.94000,-0.00681
3.95056,3.95000,0.13612,3.95000,-0.24388,3.95000,-0.00117
3.96057,3.96000,0.13997,3.96000,-0.25461,3.96000,0.00560
3.97057,3.97000,0.14120,3.97000,-0.26835,3.97000,0.01323
3.98057,3.98000,0.14019,3.98000,-0.28364,3.98000,0.02139
3.99057,3.99000,0.13745,3.99000,-0.29893,3.99000,0.02967
4.00057,4.00000,0.13353,4.00000,-0.31272,4.00000,0.03766
4.01057,4.01000,0.12901,4.01000,-0.32374,4.01000,0.04491
4.02057,4.02000,0.12439,4.02000,-0.33096,4.02000,0.05104
4.03058,4.03000,0.12006,4.03000,-0.33375,4.03000,0.05570
4.04058,4.04000,0.11629,4.04000,-0.33184,4.04000,0.05863
4.05058,4.05000,0.11320,4.05000,-0.32535,4.05000,0.05970
4.06058,4.06000,0.11073,4.06000,-0.31473,4.06000,0.05888
4.07058,4.07000,0.10867,4.07000,-0.30066,4.07000,0.05626
4.08058,4.08000,0.10666,4.08000,-0.28403,4.08000,0.05203
4.09058,4.09000,0.10424,4.09000,-0.26581,4.09000,0.04648
4.10059,4.10000,0.10089,4.10000,-0.24700,4.10000,0.03993
4.11059,4.11000,0.09607,4.11000,-0.22854,4.11000,0.03275
4.12059,4.12000,0.08933,4.12000,-0.21123,4.12000,0.02534
4.13059,4.13000,0.08030,4.13000,-0.19570,4.13000,0.01806
4.14059,4.14000,0.06874,4.14000,-0.18234,4.14000,0.01125
4.15059,4.15000,0.05457,4.15000,-0.17129,4.15000,0.00521
4.16059,4.16000,0.03787,4.16000,-0.16238,4.16000,0.00016
4.17060,4.17000,0.01888,4.17000,-0.15520,4.17000,-0.00377
4.18060,4.18000,-0.00201,4.18000,-0.14912,4.18000,-0.00653
4.19060,4.19000,-0.02428,4.19000,-0.14332,4.19000,-0.00815
4.20060,4.20000,-0.04730,4.20000,-0.13692,4.20000,-0.00875
4.21060,4.21000,-0.07039,4.21000,-0.12904,4.21000,-0.00849
4.22060,4.22000,-0.09285,4.22000,-0.11889,4.22000,-0.00759
4.23060,4.23000,-0.11398,4.23000,-0.10586,4.23000,-0.00628
4.24061,4.24000,-0.13320,4.24000,-0.08958,4.24000,-0.00479
4.25061,4.25000,-0.14998,4.25000,-0.06994,4.25000,-0.00338
4.26061,4.26000,-0.16400,4.26000,-0.04717,4.26000,-0.00225
4.27061,4.27000,-0.17506,4.27000,-0.02177,4.27000,-0.00161
4.28061,4.28000,-0.18316,4.28000,0.00545,4.28000,-0.00161
4.29061,4.29000,-0.18848,4.29000,0.03347,4.29000,-0.00235
4.30061,4.30000,-0.19136,4.30000,0.06107,4.30000,-0.00386
4.31061,4.31000,-0.19226,4.31000,0.08699,4.31000,-0.00610
4.32062,4.32000,-0.19176,4.32000,0.10996,4.32000,-0.00897
4.33062,4.33000,-0.19043,4.33000,0.12885,4.33000,-0.01231
4.34062,4.34000,-0.18888,4.34000,0.14272,4.34000,-0.01591
4.35062,4.35000,-0.18759,4.35000,0.15093,4.35000,-0.01957
4.36062,4.36000,-0.18697,4.36000,0.15319,4.36000,-0.02307
4.37062,4.37000,-0.18727,4.37000,0.14956,4.37000,-0.02625
4.38062,4.38000,-0.18858,4.38000,0.14051,4.38000,-0.02898
4.39063,4.39000,-0.19086,4.39000,0.12679,4.39000,-0.03117
4.40063,4.40000,-0.19393,4.40000,0.10944,4.40000,-0.03277
4.41063,4.41000,-0.19753,4.41000,0.08964,4.41000,-0.03377
4.42063,4.42000,-0.20132,4.42000,0.06866,4.42000,-0.03420
4.43063,4.43000,-0.20498,4.43000,0.04770,4.43000,-0.03409
4.44063,4.44000,-0.20816,4.44000,0.02783,4.44000,-0.03352
4.45063,4.45000,-0.21057,4.45000,0.00989,4.45000,-0.03258
4.46064,4.46000,-0.21195,4.46000,-0.00553,4.46000,-0.03139
4.47064,4.47000,-0.21208,4.47000,-0.01812,4.47000,-0.03008
4.48064,4.48000,-0.21076,4.48000,-0.02786,4.48000,-0.02878
4.49064,4.49000,-0.20784,4.49000,-0.03491,4.49000,-0.02760
4.50064,4.50000,-0.20318,4.50000,-0.03965,4.50000,-0.02663
4.51064,4.51000,-0.19668,4.51000,-0.04251,4.51000,-0.02592
4.52064,4.52000,-0.18828,4.52000,-0.04395,4.52000,-0.02546
4.53065,4.53000,-0.17799,4.53000,-0.04437,4.53000,-0.02521
4.54065,4.54000,-0.16588,4.54000,-0.04407,4.54000,-0.02507
4.55065,4.55000,-0.15209,4.55000,-0.04322,4.55000,-0.02491
4.56065,4.56000,-0.13684,4.56000,-0.04186,4.56000,-0.02459
4.57065,4.57000,-0.12037,4.57000,-0.03989,4.57000,-0.02394
4.58065,4.58000,-0.10297,4.58000,-0.03716,4.58000,-0.02285
4.59065,4.59000,-0.08496,4.59000,-0.03347,4.59000,-0.02120
4.60066,4.60000,-0.06665,4.60000,-0.02861,4.60000,-0.01893
4.61066,4.61000,-0.04838,4.61000,-0.02246,4.61000,-0.01606
4.62066,4.62000,-0.03051,4.62000,-0.01495,4.62000,-0.01265
4.63066,4.63000,-0.01340,4.63000,-0.00610,4.63000,-0.00883
4.64066,4.64000,0.00255,4.64000,0.00397,4.64000,-0.00477
4.65066,4.65000,0.01692,4.65000,0.01504,4.65000,-0.00067
4.66066,4.66000,0.02931,4.66000,0.02685,4.66000,0.00326
4.67067,4.67000,0.03929,4.67000,0.03907,4.67000,0.00685
4.68067,4.68000,0.04646,4.68000,0.05138,4.68000,0.00995
4.69067,4.69000,0.05046,4.69000,0.06343,4.69000,0.01244
4.70067,4.70000,0.05100,4.70000,0.07492,4.70000,0.01426
4.71067,4.71000,0.04785,4.71000,0.08561,4.71000,0.01538
4.72067,4.72000,0.04093,4.72000,0.09536,4.72000,0.01581
4.73067,4.73000,0.03026,4.73000,0.10413,4.73000,0.01560
4.74068,4.74000,0.01604,4.74000,0.11205,4.74000,0.01484
4.75068,4.75000,-0.00137,4.75000,0.11936,4.75000,0.01366
4.76068,4.76000,-0.02145,4.76000,0.12647,4.76000,0.01221
4.77068,4.77000,-0.04351,4.77000,0.13387,4.77000,0.01066
4.78068,4.78000,-0.06674,4.78000,0.14210,4.78000,0.00917
4.79068,4.79000,-0.09020,4.79000,0.15168,4.79000,0.00788
4.80068,4.80000,-0.11291,4.80000,0.16306,4.80000,0.00690
4.81069,4.81000,-0.13385,4.81000,0.17653,4.81000,0.00630
4.82069,4.82000,-0.15207,4.82000,0.19216,4.82000,0.00608
4.83069,4.83000,-0.16674,4.83000,0.20982,4.83000,0.00619
4.84069,4.84000,-0.17722,4.84000,0.22913,4.84000,0.00655
4.85069,4.85000,-0.18307,4.85000,0.24948,4.85000,0.00705
4.86069,4.86000,-0.18417,4.86000,0.27012,4.86000,0.00753
4.87069,4.87000,-0.18069,4.87000,0.29013,4.87000,0.00784
4.88070,4.88000,-0.17308,4.88000,0.30854,4.88000,0.00781
4.89070,4.89000,-0.16208,4.89000,0.32439,4.89000,0.00730
4.90070,4.90000,-0.14868,4.90000,0.33681,4.90000,0.00621
4.91070,4.91000,-0.13403,4.91000,0.34507,4.91000,0.00445
4.92070,4.92000,-0.11935,4.92000,0.34868,4.92000,0.00200
4.93070,4.93000,-0.10592,4.93000,0.34742,4.93000,-0.00112
4.94070,4.94000,-0.09492,4.94000,0.34139,4.94000,-0.00484
4.95071,4.95000,-0.08739,4.95000,0.33100,4.95000,-0.00907
4.96071,4.96000,-0.08415,4.96000,0.31695,4.96000,-0.01368
4.97071,4.97000,-0.08575,4.97000,0.30024,4.97000,-0.01851
4.98071,4.98000,-0.09242,4.98000,0.28205,4.98000,-0.02342
4.99071,4.99000,-0.10406,4.99000,0.26372,4.99000,-0.02823
5.00071,5.00000,-0.12024,5.00000,0.24664,5.00000,-0.03277
5.01071,5.01000,-0.14022,5.01000,0.23214,5.01000,-0.03691
5.02072,5.02000,-0.16303,5.02000,0.22143,5.02000,-0.04053
5.03072,5.03000,-0.18752,5.03000,0.21550,5.03000,-0.04357
5.04072,5.04000,-0.21248,5.04000,0.21502,5.04000,-0.04601
5.05072,5.05000,-0.23673,5.05000,0.22035,5.05000,-0.04787
5.06072,5.06000,-0.25922,5.06000,0.23144,5.06000,-0.04918
5.07072,5.07000,-0.27913,5.07000,0.24788,5.07000,-0.05002
5.08072,5.08000,-0.29593,5.08000,0.26886,5.08000,-0.05045
5.09073,5.09000,-0.30943,5.09000,0.29330,5.09000,-0.05052
5.10073,5.10000,-0.31978,5.10000,0.31981,5.10000,-0.05026
5.11073,5.11000,-0.32745,5.11000,0.34688,5.11000,-0.04968
5.12073,5.12000,-0.33314,5.12000,0.37290,5.12000,-0.04881
5.13073,5.13000,-0.33770,5.13000,0.39634,5.13000,-0.04768
5.14073,5.14000,-0.34205,5.14000,0.41580,5.14000,-0.04632
5.15073,5.15000,-0.34703,5.15000,0.43016,5.15000,-0.04481
5.16074,5.16000,-0.35339,5.16000,0.43862,5.16000,-0.04325
5.17074,5.17000,-0.36169,5.17000,0.44083,5.17000,-0.04173
5.18074,5.18000,-0.37226,5.18000,0.43690,5.18000,-0.04034
5.19074,5.19000,-0.38524,5.19000,0.42740,5.19000,-0.03916
5.20074,5.20000,-0.40061,5.20000,0.41336,5.20000,-0.03820
5.21074,5.21000,-0.41814,5.21000,0.39619,5.21000,-0.03748
5.22074,5.22000,-0.43751,5.22000,0.37756,5.22000,-0.03696
5.23075,5.23000,-0.45832,5.23000,0.35927,5.23000,-0.03658
5.24075,5.24000,-0.48012,5.24000,0.34310,5.24000,-0.03625
5.25075,5.25000,-0.50242,5.25000,0.33066,5.25000,-0.03588
5.26075,5.26000,-0.52472,5.26000,0.32322,5.26000,-0.03540
5.27075,5.27000,-0.54656,5.27000,0.32167,5.27000,-0.03473
5.28075,5.28000,-0.56746,5.28000,0.32640,5.28000,-0.03381
5.29075,5.29000,-0.58700,5.29000,0.33727,5.29000,-0.03263
5.30076,5.30000,-0.60483,5.30000,0.35364,5.30000,-0.03119
5.31076,5.31000,-0.62063,5.31000,0.37444,5.31000,-0.02956
5.32076,5.32000,-0.63422,5.32000,0.39822,5.32000,-0.02783
5.33076,5.33000,-0.64545,5.33000,0.42328,5.33000,-0.02617
5.34076,5.34000,-0.65428,5.34000,0.44782,5.34000,-0.02473
5.35076,5.35000,-0.66074,5.35000,0.47007,5.35000,-0.02371
5.36076,5.36000,-0.66491,5.36000,0.48845,5.36000,-0.02332
5.37077,5.37000,-0.66693,5.37000,0.50166,5.37000,-0.02373
5.38077,5.38000,-0.66701,5.38000,0.50884,5.38000,-0.02507
5.39077,5.39000,-0.66541,5.39000,0.50962,5.39000,-0.02744
5.40077,5.40000,-0.66244,5.40000,0.50414,5.40000,-0.03084
5.41077,5.41000,-0.65847,5.41000,0.49305,5.41000,-0.03522
5.42077,5.42000,-0.65394,5.42000,0.47749,5.42000,-0.04044
5.43077,5.43000,-0.64930,5.43000,0.45893,5.43000,-0.04625
5.44078,5.44000,-0.64503,5.44000,0.43913,5.44000,-0.05237
5.45078,5.45000,-0.64156,5.45000,0.41994,5.45000,-0.05845
5.46078,5.46000,-0.63931,5.46000,0.40314,5.46000,-0.06415
5.47078,5.47000,-0.63860,5.47000,0.39031,5.47000,-0.06911
5.48078,5.48000,-0.63965,5.48000,0.38272,5.48000,-0.07302
5.49078,5.49000,-0.64255,5.49000,0.38116,5.49000,-0.07563
5.50078,5.50000,-0.64727,5.50000,0.38598,5.50000,-0.07674
5.51079,5.51000,-0.65368,5.51000,0.39700,5.51000,-0.07626
5.52079,5.52000,-0.66151,5.52000,0.41357,5.52000,-0.07418
5.53079,5.53000,-0.67042,5.53000,0.43462,5.53000,-0.07059
5.54079,5.54000,-0.67997,5.54000,0.45873,5.54000,-0.06571
5.55079,5.55000,-0.68964,5.55000,0.48426,5.55000,-0.05984
5.56079,5.56000,-0.69882,5.56000,0.50944,5.56000,-0.05342
5.57079,5.57000,-0.70685,5.57000,0.53249,5.57000,-0.04696
5.58080,5.58000,-0.71300,5.58000,0.55175,5.58000,-0.04103
5.59080,5.59000,-0.71652,5.59000,0.56576,5.59000,-0.03628
5.60080,5.60000,-0.71668,5.60000,0.57336,5.60000,-0.03335
5.61080,5.61000,-0.71280,5.61000,0.57375,5.61000,-0.03289
5.62080,5.62000,-0.70437,5.62000,0.56650,5.62000,-0.03550
5.63080,5.63000,-0.69109,5.63000,0.55160,5.63000,-0.04170
5.64080,5.64000,-0.67295,5.64000,0.52941,5.64000,-0.05186
5.65081,5.65000,-0.65034,5.65000,0.50064,5.65000,-0.06618
5.66081,5.66000,-0.62401,5.66000,0.46632,5.66000,-0.08461
5.67081,5.67000,-0.59516,5.67000,0.42773,5.67000,-0.10684
5.68081,5.68000,-0.56540,5.68000,0.38634,5.68000,-0.13226
5.69081,5.69000,-0.53661,5.69000,0.34374,5.69000,-0.16001
5.70081,5.70000,-0.51089,5.70000,0.30153,5.70000,-0.18899
5.71081,5.71000,-0.49036,5.71000,0.26129,5.71000,-0.21790
5.72082,5.72000,-0.47696,5.72000,0.22449,5.72000,-0.24540
5.73082,5.73000,-0.47235,5.73000,0.19239,5.73000,-0.27014
5.74082,5.74000,-0.47770,5.74000,0.16600,5.74000,-0.29085
5.75082,5.75000,-0.49362,5.75000,0.14599,5.75000,-0.30649
5.76082,5.76000,-0.52006,5.76000,0.13267,5.76000,-0.31631
5.77082,5.77000,-0.55634,5.77000,0.12593,5.77000,-0.31986
5.78082,5.78000,-0.60118,5.78000,0.12526,5.78000,-0.31706
5.79083,5.79000,-0.65281,5.79000,0.12983,5.79000,-0.30818
5.80083,5.80000,-0.70909,5.80000,0.13856,5.80000,-0.29379
5.81083,5.81000,-0.76771,5.81000,0.15020,5.81000,-0.27474
5.82083,5.82000,-0.82631,5.82000,0.16350,5.82000,-0.25204
5.83083,5.83000,-0.88267,5.83000,0.17727,5.83000,-0.22680
5.84083,5.84000,-0.93486,5.84000,0.19049,5.84000,-0.20015
5.85083,5.85000,-0.98131,5.85000,0.20236,5.85000,-0.17313
5.86084,5.86000,-1.02091,5.86000,0.21233,5.86000,-0.14663
5.87084,5.87000,-1.05304,5.87000,0.22010,5.87000,-0.12130
5.88084,5.88000,-1.07759,5.88000,0.22559,5.88000,-0.09756
5.89084,5.89000,-1.09487,5.89000,0.22889,5.89000,-0.07550
5.90084,5.90000,-1.10558,5.90000,0.23020,5.90000,-0.05495
5.91084,5.91000,-1.11068,5.91000,0.22978,5.91000,-0.03549
5.92084,5.92000,-1.11131,5.92000,0.22788,5.92000,-0.01647
5.93085,5.93000,-1.10865,5.93000,0.22474,5.93000,0.00293
5.94085,5.94000,-1.10388,5.94000,0.22052,5.94000,0.02357
5.95085,5.95000,-1.09799,5.95000,0.21534,5.95000,0.04637
5.96085,5.96000,-1.09183,5.96000,0.20931,5.96000,0.07211
5.97085,5.97000,-1.08597,5.97000,0.20250,5.97000,0.10145
5.98085,5.98000,-1.08072,5.98000,0.19498,5.98000,0.13478
5.99085,5.99000,-1.07613,5.99000,0.18686,5.99000,0.17220
6.00086,6.00000,-1.07202,6.00000,0.17828,6.00000,0.21351
6.01086,6.01000,-1.06801,6.01000,0.16940,6.01000,0.25816
6.02086,6.02000,-1.06357,6.02000,0.16037,6.02000,0.30530
6.03086,6.03000,-1.05810,6.03000,0.15128,6.03000,0.35382
6.04086,6.04000,-1.05098,6.04000,0.14212,6.04000,0.40247
6.05086,6.05000,-1.04161,6.05000,0.13272,6.05000,0.44990
6.06086,6.06000,-1.02948,6.06000,0.12269,6.06000,0.49481
6.07087,6.07000,-1.01423,6.07000,0.11141,6.07000,0.53603
6.08087,6.08000,-0.99565,6.08000,0.09804,6.08000,0.57264
6.09087,6.09000,-0.97372,6.09000,0.08159,6.09000,0.60406
6.10087,6.10000,-0.94862,6.10000,0.06097,6.10000,0.63007
6.11087,6.11000,-0.92073,6.11000,0.03510,6.11000,0.65086
6.12087,6.12000,-0.89059,6.12000,0.00305,6.12000,0.66701
6.13087,6.13000,-0.85892,6.13000,-0.03586,6.13000,0.67943
6.14088,6.14000,-0.82650,6.14000,-0.08195,6.14000,0.68923
6.15088,6.15000,-0.79421,6.15000,-0.13519,6.15000,0.69768
6.16088,6.16000,-0.76291,6.16000,-0.19512,6.16000,0.70598
6.17088,6.17000,-0.73340,6.17000,-0.26095,6.17000,0.71521
6.18088,6.18000,-0.70632,6.18000,-0.33161,6.18000,0.72614
6.19088,6.19000,-0.68214,6.19000,-0.40590,6.19000,0.73920
6.20088,6.20000,-0.66104,6.20000,-0.48257,6.20000,0.75440
6.21089,6.21000,-0.64295,6.21000,-0.56051,6.21000,0.77133
6.22089,6.22000,-0.62745,6.22000,-0.63882,6.22000,0.78921
6.23089,6.23000,-0.61384,6.23000,-0.71690,6.23000,0.80699
6.24089,6.24000,-0.60114,6.24000,-0.79449,6.24000,0.82342
6.25089,6.25000,-0.58814,6.25000,-0.87171,6.25000,0.83722
6.26089,6.26000,-0.57348,6.26000,-0.94895,6.26000,0.84717
6.27089,6.27000,-0.55569,6.27000,-1.02689,6.27000,0.85222
6.28090,6.28000,-0.53329,6.28000,-1.10638,6.28000,0.85160
6.29090,6.29000,-0.50485,6.29000,-1.18834,6.29000,0.84481
6.30090,6.30000,-0.46906,6.30000,-1.27364,6.30000,0.83168
6.31090,6.31000,-0.42479,6.31000,-1.36304,6.31000,0.81229
6.32090,6.32000,-0.37123,6.32000,-1.45704,6.32000,0.78691
6.33090,6.33000,-0.30791,6.33000,-1.55582,6.33000,0.75590
6.34090,6.34000,-0.23484,6.34000,-1.65918,6.34000,0.71960
6.35091,6.35000,-0.15251,6.35000,-1.76644,6.35000,0.67826
6.36091,6.36000,-0.06202,6.36000,-1.87645,6.36000,0.63192
6.37091,6.37000,0.03499,6.37000,-1.98755,6.37000,0.58048
6.38091,6.38000,0.13624,6.38000,-2.09762,6.38000,0.52367
6.39091,6.39000,0.23895,6.39000,-2.20410,6.39000,0.46119
6.40091,6.40000,0.33983,6.40000,-2.30417,6.40000,0.39281
6.41091,6.41000,0.43523,6.41000,-2.39486,6.41000,0.31859
6.42092,6.42000,0.52129,6.42000,-2.47325,6.42000,0.23898
6.43092,6.43000,0.59412,6.43000,-2.53672,6.43000,0.15497
6.44092,6.44000,0.65002,6.44000,-2.58310,6.44000,0.06812
6.45092,6.45000,0.68573,6.45000,-2.61095,6.45000,-0.01943
6.46092,6.46000,0.69867,6.46000,-2.61965,6.46000,-0.10508
6.47092,6.47000,0.68716,6.47000,-2.60958,6.47000,-0.18597
6.48092,6.48000,0.65059,6.48000,-2.58214,6.48000,-0.25915
6.49093,6.49000,0.58955,6.49000,-2.53973,6.49000,-0.32185
6.50093,6.50000,0.50580,6.50000,-2.48561,6.50000,-0.37171
6.51093,6.51000,0.40219,6.51000,-2.42367,6.51000,-0.40695
6.52093,6.52000,0.28244,6.52000,-2.35815,6.52000,-0.42649
6.53093,6.53000,0.15088,6.53000,-2.29329,6.53000,-0.43003
6.54093,6.54000,0.01211,6.54000,-2.23303,6.54000,-0.41805
6.55093,6.55000,-0.12932,6.55000,-2.18079,6.55000,-0.39179
6.56094,6.56000,-0.26914,6.56000,-2.13925,6.56000,-0.35315
6.57094,6.57000,-0.40362,6.57000,-2.11024,6.57000,-0.30451
6.58094,6.58000,-0.52970,6.58000,-2.09469,6.58000,-0.24861
6.59094,6.59000,-0.64509,6.59000,-2.09264,6.59000,-0.18832
6.60094,6.60000,-0.74825,6.60000,-2.10338,6.60000,-0.12641
6.61094,6.61000,-0.83844,6.61000,-2.12558,6.61000,-0.06542
6.62094,6.62000,-0.91561,6.62000,-2.15752,6.62000,-0.00745
6.63095,6.63000,-0.98038,6.63000,-2.19733,6.63000,0.04591
6.64095,6.64000,-1.03389,6.64000,-2.24316,6.64000,0.09367
6.65095,6.65000,-1.07780,6.65000,-2.29334,6.65000,0.13539
6.66095,6.66000,-1.11418,6.66000,-2.34643,6.66000,0.17123
6.67095,6.67000,-1.14545,6.67000,-2.40127,6.67000,0.20182
6.68095,6.68000,-1.17433,6.68000,-2.45694,6.68000,0.22817
6.69095,6.69000,-1.20386,6.69000,-2.51269,6.69000,0.25158
6.70096,6.70000,-1.23729,6.70000,-2.56785,6.70000,0.27352
6.71096,6.71000,-1.27812,6.71000,-2.62180,6.71000,0.29550
6.72096,6.72000,-1.32996,6.72000,-2.67384,6.72000,0.31896
6.73096,6.73000,-1.39655,6.73000,-2.72321,6.73000,0.34524
6.74096,6.74000,-1.48157,6.74000,-2.76907,6.74000,0.37544
6.75096,6.75000,-1.58860,6.75000,-2.81052,6.75000,0.41036
6.76096,6.76000,-1.72101,6.76000,-2.84669,6.76000,0.45046
6.77097,6.77000,-1.88178,6.77000,-2.87681,6.77000,0.49579
6.78097,6.78000,-2.07343,6.78000,-2.90028,6.78000,0.54592
6.79097,6.79000,-2.29792,6.79000,-2.91673,6.79000,0.59999
6.80097,6.80000,-2.55652,6.80000,-2.92610,6.80000,0.65663
6.81097,6.81000,-2.84977,6.81000,-2.92859,6.81000,0.71406
6.82097,6.82000,-3.17743,6.82000,-2.92472,6.82000,0.77012
6.83097,6.83000,-3.53844,6.83000,-2.91516,6.83000,0.82237
6.84098,6.84000,-3.93098,6.84000,-2.90073,6.84000,0.86828
6.85098,6.85000,-4.35243,6.85000,-2.88218,6.85000,0.90533
6.86098,6.86000,-4.79949,6.86000,-2.86011,6.86000,0.93127
6.87098,6.87000,-5.26826,6.87000,-2.83485,6.87000,0.94430
6.88098,6.88000,-5.75438,6.88000,-2.80633,6.88000,0.94329
6.89098,6.89000,-6.25315,6.89000,-2.77407,6.89000,0.92795
6.90098,6.90000,-6.75973,6.90000,-2.73716,6.90000,0.89900
6.91099,6.91000,-7.26935,6.91000,-2.69436,6.91000,0.85819
6.92099,6.92000,-7.77748,6.92000,-2.64425,6.92000,0.80829
6.93099,6.93000,-8.27996,6.93000,-2.58544,6.93000,0.75289
6.94099,6.94000,-8.77304,6.94000,-2.51681,6.94000,0.69613
6.95099,6.95000,-9.25341,6.95000,-2.43778,6.95000,0.64226
6.96099,6.96000,-9.71795,6.96000,-2.34848,6.96000,0.59521
6.97099,6.97000,-10.16355,6.97000,-2.24987,6.97000,0.55807
6.98100,6.98000,-10.58678,6.98000,-2.14373,6.98000,0.53271
6.99100,6.99000,-10.98365,6.99000,-2.03260,6.99000,0.51958
7.00100,7.00000,-11.34947,7.00000,-1.91961,7.00000,0.51771
7.01100,7.01000,-11.67885,7.01000,-1.80833,7.01000,0.52494
7.02100,7.02000,-11.96601,7.02000,-1.70246,7.02000,0.53833
7.03100,7.03000,-12.20515,7.03000,-1.60567,7.03000,0.55482
7.04100,7.04000,-12.39105,7.04000,-1.52129,7.04000,0.57174
7.05101,7.05000,-12.51965,7.05000,-1.45221,7.05000,0.58738
7.06101,7.06000,-12.58848,7.06000,-1.40075,7.06000,0.60123
7.07101,7.07000,-12.59699,7.07000,-1.36858,7.07000,0.61413
7.08101,7.08000,-12.54657,7.08000,-1.35673,7.08000,0.62798
7.09101,7.09000,-12.44037,7.09000,-1.36560,7.09000,0.64546
7.10101,7.10000,-12.28288,7.10000,-1.39492,7.10000,0.66947
7.11101,7.11000,-12.07955,7.11000,-1.44380,7.11000,0.70266
7.12102,7.12000,-11.83626,7.12000,-1.51069,7.12000,0.74699
7.13102,7.13000,-11.55891,7.13000,-1.59345,7.13000,0.80341
7.14102,7.14000,-11.25312,7.14000,-1.68938,7.14000,0.87168
7.15102,7.15000,-10.92390,7.15000,-1.79532,7.15000,0.95040
7.16102,7.16000,-10.57556,7.16000,-1.90780,7.16000,1.03714
7.17102,7.17000,-10.21154,7.17000,-2.02322,7.17000,1.12869
7.18102,7.18000,-9.83442,7.18000,-2.13801,7.18000,1.22138
7.19103,7.19000,-9.44594,7.19000,-2.24878,7.19000,1.31140
7.20103,7.20000,-9.04711,7.20000,-2.35245,7.20000,1.39507
7.21103,7.21000,-8.63834,7.21000,-2.44635,7.21000,1.46913
7.22103,7.22000,-8.21964,7.22000,-2.52830,7.22000,1.53090
7.23103,7.23000,-7.79088,7.23000,-2.59663,7.23000,1.57839
7.24103,7.24000,-7.35193,7.24000,-2.65023,7.24000,1.61033
7.25103,7.25000,-6.90295,7.25000,-2.68851,7.25000,1.62619
7.26104,7.26000,-6.44450,7.26000,-2.71136,7.26000,1.62608
7.27104,7.27000,-5.97766,7.27000,-2.71913,7.27000,1.61072
7.28104,7.28000,-5.50408,7.28000,-2.71253,7.28000,1.58130
7.29104,7.29000,-5.02596,7.29000,-2.69263,7.29000,1.53939
7.30104,7.30000,-4.54596,7.30000,-2.66077,7.30000,1.48684
7.31104,7.31000,-4.06713,7.31000,-2.61858,7.31000,1.42563
7.32104,7.32000,-3.59273,7.32000,-2.56786,7.32000,1.35776
7.33105,7.33000,-3.12612,7.33000,-2.51057,7.33000,1.28514
7.34105,7.34000,-2.67065,7.34000,-2.44880,7.34000,1.20944
7.35105,7.35000,-2.22950,7.35000,-2.38467,7.35000,1.13196
7.36105,7.36000,-1.80558,7.36000,-2.32038,7.36000,1.05359
7.37105,7.37000,-1.40150,7.37000,-2.25809,7.37000,0.97476
7.38105,7.38000,-1.01945,7.38000,-2.19991,7.38000,0.89553
7.39105,7.39000,-0.66121,7.39000,-2.14784,7.39000,0.81573
7.40106,7.40000,-0.32814,7.40000,-2.10365,7.40000,0.73507
7.41106,7.41000,-0.02117,7.41000,-2.06879,7.41000,0.65340
7.42106,7.42000,0.25916,7.42000,-2.04435,7.42000,0.57082
7.43106,7.43000,0.51274,7.43000,-2.03094,7.43000,0.48783
7.44106,7.44000,0.73986,7.44000,-2.02870,7.44000,0.40541
7.45106,7.45000,0.94123,7.45000,-2.03728,7.45000,0.32498
7.46106,7.46000,1.11806,7.46000,-2.05587,7.46000,0.24837
7.47107,7.47000,1.27208,7.47000,-2.08331,7.47000,0.17771
7.48107,7.48000,1.40555,7.48000,-2.11811,7.48000,0.11530
7.49107,7.49000,1.52129,7.49000,-2.15857,7.49000,0.06351
7.50107,7.50000,1.62264,7.50000,-2.20283,7.50000,0.02461
7.51107,7.51000,1.71340,7.51000,-2.24898,7.51000,0.00062
7.52107,7.52000,1.79772,7.52000,-2.29504,7.52000,-0.00677
7.53107,7.53000,1.87995,7.53000,-2.33902,7.53000,0.00366
7.54108,7.54000,1.96450,7.54000,-2.37887,7.54000,0.03252
7.55108,7.55000,2.05559,7.55000,-2.41243,7.55000,0.07971
7.56108,7.56000,2.15712,7.56000,-2.43735,7.56000,0.14438
7.57108,7.57000,2.27240,7.57000,-2.45111,7.57000,0.22481
7.58108,7.58000,2.40408,7.58000,-2.45092,7.58000,0.31843
7.59108,7.59000,2.55391,7.59000,-2.43377,7.59000,0.42179
7.60108,7.60000,2.72270,7.60000,-2.39651,7.60000,0.53070
7.61109,7.61000,2.91026,7.61000,-2.33587,7.61000,0.64030
7.62109,7.62000,3.11539,7.62000,-2.24861,7.62000,0.74522
7.63109,7.63000,3.33601,7.63000,-2.13162,7.63000,0.83977
7.64109,7.64000,3.56933,7.64000,-1.98208,7.64000,0.91813
7.65109,7.65000,3.81201,7.65000,-1.79763,7.65000,0.97461
7.66109,7.66000,4.06042,7.66000,-1.57654,7.66000,1.00393
7.67109,7.67000,4.31085,7.67000,-1.31804,7.67000,1.00148
7.68110,7.68000,4.55971,7.68000,-1.02266,7.68000,0.96358
7.69110,7.69000,4.80367,7.69000,-0.69275,7.69000,0.88774
7.70110,7.70000,5.03985,7.70000,-0.33289,7.70000,0.77279
7.71110,7.71000,5.26596,7.71000,0.04959,7.71000,0.61897
7.72110,7.72000,5.48039,7.72000,0.44452,7.72000,0.42787
7.73110,7.73000,5.68229,7.73000,0.83901,7.73000,0.20233
7.74110,7.74000,5.87151,7.74000,1.21815,7.74000,-0.05382
7.75111,7.75000,6.04838,7.75000,1.56603,7.75000,-0.33611
7.76111,7.76000,6.21339,7.76000,1.86722,7.76000,-0.63973
7.77111,7.77000,6.36658,7.77000,2.10814,7.77000,-0.95985
7.78111,7.78000,6.50698,7.78000,2.27840,7.78000,-1.29174
7.79111,7.79000,6.63212,7.79000,2.37162,7.79000,-1.63088
7.80111,7.80000,6.73775,7.80000,2.38583,7.80000,-1.97282
7.81111,7.81000,6.81806,7.81000,2.32330,7.81000,-2.31300
7.82112,7.82000,6.86614,7.82000,2.19012,7.82000,-2.64650
7.83112,7.83000,6.87462,7.83000,1.99550,7.83000,-2.96787
7.84112,7.84000,6.83637,7.84000,1.75105,7.84000,-3.27104
7.85112,7.85000,6.74507,7.85000,1.46995,7.85000,-3.54943
7.86112,7.86000,6.59560,7.86000,1.16609,7.86000,-3.79636
7.87112,7.87000,6.38436,7.87000,0.85336,7.87000,-4.00559
7.88112,7.88000,6.10938,7.88000,0.54480,7.88000,-4.17193
7.89113,7.89000,5.77046,7.89000,0.25207,7.89000,-4.29186
7.90113,7.90000,5.36921,7.90000,-0.01514,7.90000,-4.36395
7.91113,7.91000,4.90908,7.91000,-0.24936,7.91000,-4.38904
7.92113,7.92000,4.39539,7.92000,-0.44552,7.92000,-4.37023
7.93113,7.93000,3.83522,7.93000,-0.60093,7.93000,-4.31263
7.94113,7.94000,3.23732,7.94000,-0.71513,7.94000,-4.22299
7.95113,7.95000,2.61181,7.95000,-0.78960,7.95000,-4.10922
7.96114,7.96000,1.96982,7.96000,-0.82739,7.96000,-3.97984
7.97114,7.97000,1.32303,7.97000,-0.83263,7.97000,-3.84348
7.98114,7.98000,0.68315,7.98000,-0.81006,7.98000,-3.70832
7.99114,7.99000,0.06141,7.99000,-0.76458,7.99000,-3.58165
8.00114,8.00000,-0.53190,8.00000,-0.70092,8.00000,-3.46943
8.01114,8.01000,-1.08774,8.01000,-0.62352,8.01000,-3.37604
8.02114,8.02000,-1.59863,8.02000,-0.53650,8.02000,-3.30417
8.03115,8.03000,-2.05876,8.03000,-0.44388,8.03000,-3.25490
8.04115,8.04000,-2.46414,8.04000,-0.34971,8.04000,-3.22785
8.05115,8.05000,-2.81263,8.05000,-0.25819,8.05000,-3.22157
8.06115,8.06000,-3.10400,8.06000,-0.17368,8.06000,-3.23378
8.07115,8.07000,-3.33991,8.07000,-0.10054,8.07000,-3.26179
8.08115,8.08000,-3.52390,8.08000,-0.04302,8.08000,-3.30267
8.09115,8.09000,-3.66134,8.09000,-0.00495,8.09000,-3.35356
8.10116,8.10000,-3.75929,8.10000,0.01042,8.10000,-3.41174
8.11116,8.11000,-3.82632,8.11000,0.00065,8.11000,-3.47485
8.12116,8.12000,-3.87228,8.12000,-0.03577,8.12000,-3.54091
8.13116,8.13000,-3.90796,8.13000,-0.09921,8.13000,-3.60838
8.14116,8.14000,-3.94475,8.14000,-0.18887,8.14000,-3.67623
8.15116,8.15000,-3.99422,8.15000,-0.30267,8.15000,-3.74386
8.16116,8.16000,-4.06758,8.16000,-0.43723,8.16000,-3.81104
8.17117,8.17000,-4.17519,8.17000,-0.58791,8.17000,-3.87779
8.18117,8.18000,-4.32594,8.18000,-0.74893,8.18000,-3.94422
8.19117,8.19000,-4.52671,8.19000,-0.91353,8.19000,-4.01034
8.20117,8.20000,-4.78190,8.20000,-1.07426,8.20000,-4.07586
8.21117,8.21000,-5.09305,8.21000,-1.22335,8.21000,-4.14003
8.22117,8.22000,-5.45858,8.22000,-1.35323,8.22000,-4.20155
8.23117,8.23000,-5.87383,8.23000,-1.45707,8.23000,-4.25845
8.24118,8.24000,-6.33122,8.24000,-1.52936,8.24000,-4.30818
8.25118,8.25000,-6.82060,8.25000,-1.56642,8.25000,-4.34762
8.26118,8.26000,-7.32984,8.26000,-1.56670,8.26000,-4.37326
8.27118,8.27000,-7.84547,8.27000,-1.53093,8.27000,-4.38133
8.28118,8.28000,-8.35333,8.28000,-1.46191,8.28000,-4.36797
8.29118,8.29000,-8.83933,8.29000,-1.36418,8.29000,-4.32945
8.30118,8.30000,-9.29004,8.30000,-1.24356,8.30000,-4.26236
8.31119,8.31000,-9.69335,8.31000,-1.10659,8.31000,-4.16393
8.32119,8.32000,-10.03896,8.32000,-0.96007,8.32000,-4.03229
8.33119,8.33000,-10.31888,8.33000,-0.81072,8.33000,-3.86676
8.34119,8.34000,-10.52769,8.34000,-0.66488,8.34000,-3.66808
8.35119,8.35000,-10.66267,8.35000,-0.52836,8.35000,-3.43848
8.36119,8.36000,-10.72370,8.36000,-0.40634,8.36000,-3.18162
8.37119,8.37000,-10.71284,8.37000,-0.30322,8.37000,-2.90227
8.38120,8.38000,-10.63392,8.38000,-0.22256,8.38000,-2.60591
8.39120,8.39000,-10.49196,8.39000,-0.16696,8.39000,-2.29817
8.40120,8.40000,-10.29271,8.40000,-0.13794,8.40000,-1.98436
8.41120,8.41000,-10.04227,8.41000,-0.13586,8.41000,-1.66914
8.42120,8.42000,-9.74681,8.42000,-0.15990,8.42000,-1.35634
8.43120,8.43000,-9.41237,8.43000,-0.20811,8.43000,-1.04901
8.44120,8.44000,-9.04476,8.44000,-0.27754,8.44000,-0.74974
8.45121,8.45000,-8.64949,8.45000,-0.36435,8.45000,-0.46094
8.46121,8.46000,-8.23167,8.46000,-0.46404,8.46000,-0.18519
8.47121,8.47000,-7.79594,8.47000,-0.57167,8.47000,0.07457
8.48121,8.48000,-7.34640,8.48000,-0.68219,8.48000,0.31499
8.49121,8.49000,-6.88649,8.49000,-0.79074,8.49000,0.53253
8.50121,8.50000,-6.41899,8.50000,-0.89301,8.50000,0.72373
8.51121,8.51000,-5.94607,8.51000,-0.98548,8.51000,0.88566
8.52122,8.52000,-5.46940,8.52000,-1.06564,8.52000,1.01624
8.53122,8.53000,-4.99035,8.53000,-1.13210,8.53000,1.11456
8.54122,8.54000,-4.51031,8.54000,-1.18462,8.54000,1.18105
8.55122,8.55000,-4.03090,8.55000,-1.22396,8.55000,1.21744
8.56122,8.56000,-3.55422,8.56000,-1.25176,8.56000,1.22666
8.57122,8.57000,-3.08300,8.57000,-1.27027,8.57000,1.21260
8.58122,8.58000,-2.62069,8.58000,-1.28205,8.58000,1.17974
8.59123,8.59000,-2.17140,8.59000,-1.28969,8.59000,1.13281
8.60123,8.60000,-1.73976,8.60000,-1.29554,8.60000,1.07639
8.61123,8.61000,-1.33070,8.61000,-1.30161,8.61000,1.01451
8.62123,8.62000,-0.94912,8.62000,-1.30946,8.62000,0.95043
8.63123,8.63000,-0.59950,8.63000,-1.32027,8.63000,0.88646
8.64123,8.64000,-0.28557,8.64000,-1.33497,8.64000,0.82399
8.65123,8.65000,-0.00997,8.65000,-1.35436,8.65000,0.76362
8.66124,8.66000,0.22601,8.66000,-1.37925,8.66000,0.70548
8.67124,8.67000,0.42252,8.67000,-1.41061,8.67000,0.64955
8.68124,8.68000,0.58116,8.68000,-1.44958,8.68000,0.59599
8.69124,8.69000,0.70486,8.69000,-1.49745,8.69000,0.54547
8.70124,8.70000,0.79764,8.70000,-1.55557,8.70000,0.49933
8.71124,8.71000,0.86440,8.71000,-1.62518,8.71000,0.45962
8.72124,8.72000,0.91060,8.72000,-1.70719,8.72000,0.42902
8.73125,8.73000,0.94202,8.73000,-1.80196,8.73000,0.41064
8.74125,8.74000,0.96450,8.74000,-1.90902,8.74000,0.40778
8.75125,8.75000,0.98370,8.75000,-2.02685,8.75000,0.42357
8.76125,8.76000,1.00494,8.76000,-2.15267,8.76000,0.46069
8.77125,8.77000,1.03293,8.77000,-2.28239,8.77000,0.52102
8.78125,8.78000,1.07158,8.78000,-2.41057,8.78000,0.60540
8.79125,8.79000,1.12375,8.79000,-2.53061,8.79000,0.71339
8.80126,8.80000,1.19104,8.80000,-2.63494,8.80000,0.84311
8.81126,8.81000,1.27356,8.81000,-2.71545,8.81000,0.99114
8.82126,8.82000,1.36985,8.82000,-2.76392,8.82000,1.15252
8.83126,8.83000,1.47684,8.83000,-2.77260,8.83000,1.32084
8.84126,8.84000,1.58998,8.84000,-2.73476,8.84000,1.48836
8.85126,8.85000,1.70357,8.85000,-2.64522,8.85000,1.64630
8.86126,8.86000,1.81126,8.86000,-2.50078,8.86000,1.78516
8.87127,8.87000,1.90665,8.87000,-2.30051,8.87000,1.89512
8.88127,8.88000,1.98404,8.88000,-2.04588,8.88000,1.96654
8.89127,8.89000,2.03914,8.89000,-1.74081,8.89000,1.99045
8.90127,8.90000,2.06962,8.90000,-1.39162,8.90000,1.95909
8.91127,8.91000,2.07555,8.91000,-1.00682,8.91000,1.86636
8.92127,8.92000,2.05950,8.92000,-0.59706,8.92000,1.70830
8.93127,8.93000,2.02643,8.93000,-0.17479,8.93000,1.48339
8.94128,8.94000,1.98330,8.94000,0.24602,8.94000,1.19277
8.95128,8.95000,1.93838,8.95000,0.65045,8.95000,0.84031
8.96128,8.96000,1.90029,8.96000,1.02343,8.96000,0.43250
8.97128,8.97000,1.87675,8.97000,1.35081,8.97000,-0.02178
8.98128,8.98000,1.87321,8.98000,1.62046,8.98000,-0.51171
8.99128,8.99000,1.89154,8.99000,1.82313,8.99000,-1.02509
9.00128,9.00000,1.92914,9.00000,1.95295,9.00000,-1.54889
9.01129,9.01000,1.97851,9.01000,2.00752,9.01000,-2.06979
9.02129,9.02000,2.02769,9.02000,1.98772,9.02000,-2.57463
9.03129,9.03000,2.06120,9.03000,1.89745,9.03000,-3.05065
9.04129,9.04000,2.06159,9.04000,1.74336,9.04000,-3.48587
9.05129,9.05000,2.01119,9.05000,1.53450,9.05000,-3.86940
9.06129,9.06000,1.89384,9.06000,1.28202,9.06000,-4.19187
9.07129,9.07000,1.69642,9.07000,0.99864,9.07000,-4.44604
9.08130,9.08000,1.41000,9.08000,0.69808,9.08000,-4.62738
9.09130,9.09000,1.03063,9.09000,0.39426,9.09000,-4.73460
9.10130,9.10000,0.55965,9.10000,0.10052,9.10000,-4.76997
9.11130,9.11000,0.00360,9.11000,-0.17126,9.11000,-4.73936
9.12130,9.12000,-0.62624,9.12000,-0.41125,9.12000,-4.65190
9.13130,9.13000,-1.31469,9.13000,-0.61221,9.13000,-4.51940
9.14130,9.14000,-2.04370,9.14000,-0.76973,9.14000,-4.35550
9.15131,9.15000,-2.79357,9.15000,-0.88220,9.15000,-4.17473
9.16131,9.16000,-3.54418,9.16000,-0.95057,9.16000,-3.99148
9.17131,9.17000,-4.27618,9.17000,-0.97790,9.17000,-3.81906
9.18131,9.18000,-4.97202,9.18000,-0.96892,9.18000,-3.66888
9.19131,9.19000,-5.61673,9.19000,-0.92951,9.19000,-3.54973
9.20131,9.20000,-6.19851,9.20000,-0.86629,9.20000,-3.46739
9.21131,9.21000,-6.70901,9.21000,-0.78637,9.21000,-3.42448
9.22132,9.22000,-7.14342,9.22000,-0.69710,9.22000,-3.42054
9.23132,9.23000,-7.50039,9.23000,-0.60597,9.23000,-3.45253
9.24132,9.24000,-7.78176,9.24000,-0.52042,9.24000,-3.51538
9.25132,9.25000,-7.99222,9.25000,-0.44770,9.25000,-3.60273
9.26132,9.26000,-8.13887,9.26000,-0.39452,9.26000,-3.70772
9.27132,9.27000,-8.23068,9.27000,-0.36675,9.27000,-3.82358
9.28132,9.28000,-8.27805,9.28000,-0.36912,9.28000,-3.94423
9.29132,9.29000,-8.29223,9.29000,-0.40491,9.29000,-4.06463
9.30133,9.30000,-8.28494,9.30000,-0.47574,9.30000,-4.18111
9.31133,9.31000,-8.26791,9.31000,-0.58141,9.31000,-4.29143
9.32133,9.32000,-8.25257,9.32000,-0.71988,9.32000,-4.39478
9.33133,9.33000,-8.24966,9.33000,-0.88730,9.33000,-4.49162
9.34133,9.34000,-8.26897,9.34000,-1.07820,9.34000,-4.58337
9.35133,9.35000,-8.31901,9.35000,-1.28567,9.35000,-4.67207
9.36133,9.36000,-8.40671,9.36000,-1.50168,9.36000,-4.75990
9.37134,9.37000,-8.53720,9.37000,-1.71737,9.37000,-4.84872
9.38134,9.38000,-8.71349,9.38000,-1.92338,9.38000,-4.93958
9.39134,9.39000,-8.93639,9.39000,-2.11034,9.39000,-5.03236
9.40134,9.40000,-9.20435,9.40000,-2.26923,9.40000,-5.12545
9.41134,9.41000,-9.51348,9.41000,-2.39206,9.41000,-5.21561
9.42134,9.42000,-9.85766,9.42000,-2.47240,9.42000,-5.29806
9.43134,9.43000,-10.22882,9.43000,-2.50602,9.43000,-5.36672
9.44135,9.44000,-10.61730,9.44000,-2.49135,9.44000,-5.41460
9.45135,9.45000,-11.01240,9.45000,-2.42966,9.45000,-5.43431
9.46135,9.46000,-11.40292,9.46000,-2.32504,9.46000,-5.41863
9.47135,9.47000,-11.77784,9.47000,-2.18394,9.47000,-5.36103
9.48135,9.48000,-12.12694,9.48000,-2.01464,9.48000,-5.25613
9.49135,9.49000,-12.44131,9.49000,-1.82643,9.49000,-5.10024
9.50135,9.50000,-12.71386,9.50000,-1.62888,9.50000,-4.89165
9.51136,9.51000,-12.93951,9.51000,-1.43117,9.51000,-4.63096
9.52136,9.52000,-13.11527,9.52000,-1.24161,9.52000,-4.32121
9.53136,9.53000,-13.23994,9.53000,-1.06743,9.53000,-3.96785
9.54136,9.54000,-13.31365,9.54000,-0.91458,9.54000,-3.57845
9.55136,9.55000,-13.33718,9.55000,-0.78777,9.55000,-3.16226
9.56136,9.56000,-13.31147,9.56000,-0.69044,9.56000,-2.72953
9.57136,9.57000,-13.23718,9.57000,-0.62467,9.57000,-2.29078
9.58137,9.58000,-13.11461,9.58000,-0.59105,9.58000,-1.85605
9.59137,9.59000,-12.94390,9.59000,-0.58867,9.59000,-1.43431
9.60137,9.60000,-12.72536,9.60000,-0.61512,9.60000,-1.03305
9.61137,9.61000,-12.45994,9.61000,-0.66671,9.61000,-0.65819
9.62137,9.62000,-12.14956,9.62000,-0.73886,9.62000,-0.31416
9.63137,9.63000,-11.79732,9.63000,-0.82649,9.63000,-0.00423
9.64137,9.64000,-11.40744,9.64000,-0.92446,9.64000,0.26923
9.65138,9.65000,-10.98509,9.65000,-1.02786,9.65000,0.50449
9.66138,9.66000,-10.53604,9.66000,-1.13231,9.66000,0.70045
9.67138,9.67000,-10.06637,9.67000,-1.23411,9.67000,0.85659
9.68138,9.68000,-9.58217,9.68000,-1.33033,9.68000,0.97318
9.69138,9.69000,-9.08929,9.69000,-1.41888,9.69000,1.05139
9.70138,9.70000,-8.59324,9.70000,-1.49841,9.70000,1.09342
9.71138,9.71000,-8.09910,9.71000,-1.56832,9.71000,1.10254
9.72139,9.72000,-7.61153,9.72000,-1.62858,9.72000,1.08298
9.73139,9.73000,-7.13484,9.73000,-1.67967,9.73000,1.03982
9.74139,9.74000,-6.67303,9.74000,-1.72235,9.74000,0.97873
9.75139,9.75000,-6.22990,9.75000,-1.75759,9.75000,0.90562
9.76139,9.76000,-5.80914,9.76000,-1.78640,9.76000,0.82629
9.77139,9.77000,-5.41442,9.77000,-1.80973,9.77000,0.74601
9.78139,9.78000,-5.04933,9.78000,-1.82847,9.78000,0.66918
9.79140,9.79000,-4.71728,9.79000,-1.84342,9.79000,0.59910
9.80140,9.80000,-4.42138,9.80000,-1.85541,9.80000,0.53785
9.81140,9.81000,-4.16419,9.81000,-1.86537,9.81000,0.48639
9.82140,9.82000,-3.94748,9.82000,-1.87444,9.82000,0.44481
9.83140,9.83000,-3.77201,9.83000,-1.88405,9.83000,0.41263
9.84140,9.84000,-3.63735,9.84000,-1.89594,9.84000,0.38918
9.85140,9.85000,-3.54178,9.85000,-1.91214,9.85000,0.37399
9.86141,9.86000,-3.48226,9.86000,-1.93483,9.86000,0.36705
9.87141,9.87000,-3.45454,9.87000,-1.96624,9.87000,0.36892
9.88141,9.88000,-3.45328,9.88000,-2.00836,9.88000,0.38081
9.89141,9.89000,-3.47232,9.89000,-2.06273,9.89000,0.40437
9.90141,9.90000,-3.50497,9.90000,-2.13012,9.90000,0.44152
9.91141,9.91000,-3.54437,9.91000,-2.21026,9.91000,0.49412
9.92141,9.92000,-3.58386,9.92000,-2.30159,9.92000,0.56360
9.93142,9.93000,-3.61744,9.93000,-2.40112,9.93000,0.65064
9.94142,9.94000,-3.64013,9.94000,-2.50432,9.94000,0.75484
9.95142,9.95000,-3.64837,9.95000,-2.60520,9.95000,0.87449
9.96142,9.96000,-3.64028,9.96000,-2.69652,9.96000,1.00635
9.97142,9.97000,-3.61576,9.97000,-2.77012,9.97000,1.14562
9.98142,9.98000,-3.57657,9.98000,-2.81749,9.98000,1.28603
9.99142,9.99000,-3.52602,9.99000,-2.83031,9.99000,1.42008
10.00143,10.00000,-3.46868,10.00000,-2.80108,10.00000,1.53936
10.01143,10.01000,-3.40983,10.01000,-2.72367,10.01000,1.63512
10.02143,10.02000,-3.35483,10.02000,-2.59379,10.02000,1.69882
10.03143,10.03000,-3.30851,10.03000,-2.40930,10.03000,1.72280
10.04143,10.04000,-3.27462,10.04000,-2.17047,10.04000,1.70083
10.05143,10.05000,-3.25548,10.05000,-1.88019,10.05000,1.62863
10.06143,10.06000,-3.25185,10.06000,-1.54402,10.06000,1.50421
10.07144,10.07000,-3.26301,10.07000,-1.17032,10.07000,1.32803
10.08144,10.08000,-3.28697,10.08000,-0.77009,10.08000,1.10294
10.09144,10.09000,-3.32081,10.09000,-0.35675,10.09000,0.83409
10.10144,10.10000,-3.36114,10.10000,0.05456,10.10000,0.52861
10.11144,10.11000,-3.40452,10.11000,0.44793,10.11000,0.19526
10.12144,10.12000,-3.44809,10.12000,0.80803,10.12000,-0.15611
10.13144,10.13000,-3.49015,10.13000,1.12152,10.13000,-0.51517
10.14145,10.14000,-3.53069,10.14000,1.37830,10.14000,-0.87183
10.15145,10.15000,-3.57195,10.15000,1.57219,10.15000,-1.21700
10.16145,10.16000,-3.61859,10.16000,1.70094,10.16000,-1.54312
10.17145,10.17000,-3.67767,10.17000,1.76572,10.17000,-1.84445
10.18145,10.18000,-3.75810,10.18000,1.77023,10.18000,-2.11695
10.19145,10.19000,-3.86978,10.19000,1.71999,10.19000,-2.35794
10.20145,10.20000,-4.02253,10.20000,1.62163,10.20000,-2.56556
10.21146,10.21000,-4.22497,10.21000,1.48251,10.21000,-2.73842
10.22146,10.22000,-4.48345,10.22000,1.31036,10.22000,-2.87540
10.23146,10.23000,-4.80131,10.23000,1.11302,10.23000,-2.97568
10.24146,10.24000,-5.17846,10.24000,0.89819,10.24000,-3.03898
10.25146,10.25000,-5.61126,10.25000,0.67319,10.25000,-3.06582
10.26146,10.26000,-6.09288,10.26000,0.44471,10.26000,-3.05778
10.27146,10.27000,-6.61373,10.27000,0.21863,10.27000,-3.01768
10.28147,10.28000,-7.16218,10.28000,-0.00012,10.28000,-2.94955
10.29147,10.29000,-7.72534,10.29000,-0.20763,10.29000,-2.85853
10.30147,10.30000,-8.28989,10.30000,-0.40089,10.30000,-2.75056
10.31147,10.31000,-8.84288,10.31000,-0.57758,10.31000,-2.63206
10.32147,10.32000,-9.37241,10.32000,-0.73592,10.32000,-2.50950
10.33147,10.33000,-9.86818,10.33000,-0.87452,10.33000,-2.38903
10.34147,10.34000,-10.32179,10.34000,-0.99236,10.34000,-2.27612
10.35148,10.35000,-10.72707,10.35000,-1.08887,10.35000,-2.17525
10.36148,10.36000,-11.08015,10.36000,-1.16409,10.36000,-2.08981
10.37148,10.37000,-11.37952,10.37000,-1.21893,10.37000,-2.02202
10.38148,10.38000,-11.62605,10.38000,-1.25539,10.38000,-1.97317
10.39148,10.39000,-11.82288,10.39000,-1.27665,10.39000,-1.94379
10.40148,10.40000,-11.97533,10.40000,-1.28706,10.40000,-1.93404
10.41148,10.41000,-12.09075,10.41000,-1.29185,10.41000,-1.94395
10.42149,10.42000,-12.17821,10.42000,-1.29664,10.42000,-1.97358
10.43149,10.43000,-12.24812,10.43000,-1.30689,10.43000,-2.02315
10.44149,10.44000,-12.31174,10.44000,-1.32729,10.44000,-2.09293
10.45149,10.45000,-12.38055,10.45000,-1.36116,10.45000,-2.18314
10.46149,10.46000,-12.46556,10.46000,-1.40996,10.46000,-2.29377
10.47149,10.47000,-12.57659,10.47000,-1.47293,10.47000,-2.42434
10.48149,10.48000,-12.72158,10.48000,-1.54701,10.48000,-2.57364
10.49150,10.49000,-12.90599,10.49000,-1.62684,10.49000,-2.73955
10.50150,10.50000,-13.13234,10.50000,-1.70513,10.50000,-2.91876
10.51150,10.51000,-13.40000,10.51000,-1.77318,10.51000,-3.10669
10.52150,10.52000,-13.70512,10.52000,-1.82163,10.52000,-3.29746
10.53150,10.53000,-14.04093,10.53000,-1.84144,10.53000,-3.48399
10.54150,10.54000,-14.39815,10.54000,-1.82486,10.54000,-3.65827
10.55150,10.55000,-14.76570,10.55000,-1.76645,10.55000,-3.81179
10.56151,10.56000,-15.13146,10.56000,-1.66379,10.56000,-3.93606
10.57151,10.57000,-15.48306,10.57000,-1.51790,10.57000,-4.02309
10.58151,10.58000,-15.80865,10.58000,-1.33327,10.58000,-4.06597
10.59151,10.59000,-16.09757,10.59000,-1.11742,10.59000,-4.05918
10.60151,10.60000,-16.34094,10.60000,-0.88014,10.60000,-3.99899
10.61151,10.61000,-16.53204,10.61000,-0.63252,10.61000,-3.88371
10.62151,10.62000,-16.66665,10.62000,-0.38580,10.62000,-3.71381
10.63152,10.63000,-16.74310,10.63000,-0.15043,10.63000,-3.49199
10.64152,10.64000,-16.76197,10.64000,0.06479,10.64000,-3.22311
10.65152,10.65000,-16.72563,10.65000,0.25313,10.65000,-2.91399
10.66152,10.66000,-16.63742,10.66000,0.41002,10.66000,-2.57296
10.67152,10.67000,-16.50089,10.67000,0.53293,10.67000,-2.20939
10.68152,10.68000,-16.31909,10.68000,0.62101,10.68000,-1.83303
10.69152,10.69000,-16.09429,10.69000,0.67476,10.69000,-1.45345
10.70153,10.70000,-15.82799,10.70000,0.69577,10.70000,-1.07951
10.71153,10.71000,-15.52121,10.71000,0.68641,10.71000,-0.71909
10.72153,10.72000,-15.17494,10.72000,0.64974,10.72000,-0.37896
10.73153,10.73000,-14.79056,10.73000,0.58932,10.73000,-0.06484
10.74153,10.74000,-14.37015,10.74000,0.50916,10.74000,0.21851
10.75153,10.75000,-13.91668,10.75000,0.41362,10.75000,0.46720
10.76153,10.76000,-13.43398,10.76000,0.30728,10.76000,0.67823
10.77154,10.77000,-12.92661,10.77000,0.19475,10.77000,0.84952
10.78154,10.78000,-12.39961,10.78000,0.08049,10.78000,0.98012
10.79154,10.79000,-11.85833,10.79000,-0.03143,10.79000,1.07026
10.80154,10.80000,-11.30818,10.80000,-0.13751,10.80000,1.12150
10.81154,10.81000,-10.75452,10.81000,-0.23503,10.81000,1.13674
10.82154,10.82000,-10.20251,10.82000,-0.32209,10.82000,1.12007
10.83154,10.83000,-9.65715,10.83000,-0.39768,10.83000,1.07666
10.84155,10.84000,-9.12317,10.84000,-0.46163,10.84000,1.01240
10.85155,10.85000,-8.60516,10.85000,-0.51441,10.85000,0.93362
10.86155,10.86000,-8.10754,10.86000,-0.55702,10.86000,0.84668
10.87155,10.87000,-7.63463,10.87000,-0.59078,10.87000,0.75756
10.88155,10.88000,-7.19070,10.88000,-0.61719,10.88000,0.67149
10.89155,10.89000,-6.77989,10.89000,-0.63780,10.89000,0.59263
10.90155,10.90000,-6.40614,10.90000,-0.65423,10.90000,0.52394
10.91156,10.91000,-6.07298,10.91000,-0.66808,10.91000,0.46716
10.92156,10.92000,-5.78326,10.92000,-0.68100,10.92000,0.42297
10.93156,10.93000,-5.53894,10.93000,-0.69470,10.93000,0.39129
10.94156,10.94000,-5.34080,10.94000,-0.71097,10.94000,0.37163
10.95156,10.95000,-5.18830,10.95000,-0.73163,10.95000,0.36349
10.96156,10.96000,-5.07946,10.96000,-0.75846,10.96000,0.36664
10.97156,10.97000,-5.01088,10.97000,-0.79308,10.97000,0.38131
10.98157,10.98000,-4.97777,10.98000,-0.83676,10.98000,0.40833
10.99157,10.99000,-4.97419,10.99000,-0.89021,10.99000,0.44902
11.00157,11.00000,-4.99323,11.00000,-0.95340,11.00000,0.50505
11.01157,11.01000,-5.02746,11.01000,-1.02542,11.01000,0.57819
11.02157,11.02000,-5.06922,11.02000,-1.10431,11.02000,0.66995
11.03157,11.03000,-5.11115,11.03000,-1.18709,11.03000,0.78129
11.04157,11.04000,-5.14663,11.04000,-1.26980,11.04000,0.91228
11.05158,11.05000,-5.17024,11.05000,-1.34767,11.05000,1.06181
11.06158,11.06000,-5.17818,11.06000,-1.41539,11.06000,1.22741
11.07158,11.07000,-5.16856,11.07000,-1.46743,11.07000,1.40510
11.08158,11.08000,-5.14153,11.08000,-1.49840,11.08000,1.58943
11.09158,11.09000,-5.09922,11.09000,-1.50340,11.09000,1.77357
11.10158,11.10000,-5.04547,11.10000,-1.47829,11.10000,1.94961
11.11158,11.11000,-4.98538,11.11000,-1.41988,11.11000,2.10895
11.12159,11.12000,-4.92465,11.12000,-1.32599,11.12000,2.24271
11.13159,11.13000,-4.86880,11.13000,-1.19549,11.13000,2.34221
11.14159,11.14000,-4.82244,11.14000,-1.02822,11.14000,2.39944
11.15159,11.15000,-4.78867,11.15000,-0.82497,11.15000,2.40742
11.16159,11.16000,-4.76868,11.16000,-0.58758,11.16000,2.36052
11.17159,11.17000,-4.76161,11.17000,-0.31912,11.17000,2.25460
11.18159,11.18000,-4.76468,11.18000,-0.02422,11.18000,2.08720
11.19160,11.19000,-4.77343,11.19000,0.29062,11.19000,1.85758
11.20160,11.20000,-4.78224,11.20000,0.61685,11.20000,1.56685
11.21160,11.21000,-4.78488,11.21000,0.94403,11.21000,1.21813
11.22160,11.22000,-4.77525,11.22000,1.26024,11.22000,0.81656
11.23160,11.23000,-4.74823,11.23000,1.55293,11.23000,0.36928
11.24160,11.24000,-4.70051,11.24000,1.80986,11.24000,-0.11472
11.25160,11.25000,-4.63145,11.25000,2.02005,11.25000,-0.62499
11.26161,11.26000,-4.54362,11.26000,2.17457,11.26000,-1.14998
11.27161,11.27000,-4.44308,11.27000,2.26708,11.27000,-1.67743
11.28161,11.28000,-4.33920,11.28000,2.29413,11.28000,-2.19467
11.29161,11.29000,-4.24401,11.29000,2.25524,11.29000,-2.68897
11.30161,11.30000,-4.17112,11.30000,2.15287,11.30000,-3.14792
11.31161,11.31000,-4.13446,11.31000,1.99228,11.31000,-3.55980
11.32161,11.32000,-4.14699,11.32000,1.78143,11.32000,-3.91421
11.33162,11.33000,-4.21954,11.33000,1.53069,11.33000,-4.20273
11.34162,11.34000,-4.35986,11.34000,1.25238,11.34000,-4.41957
11.35162,11.35000,-4.57197,11.35000,0.96015,11.35000,-4.56216
11.36162,11.36000,-4.85590,11.36000,0.66812,11.36000,-4.63150
11.37162,11.37000,-5.20773,11.37000,0.38996,11.37000,-4.63208
11.38162,11.38000,-5.61993,11.38000,0.13793,11.38000,-4.57162
11.39162,11.39000,-6.08203,11.39000,-0.07797,11.39000,-4.46033
11.40163,11.40000,-6.58147,11.40000,-0.25058,11.40000,-4.31013
11.41163,11.41000,-7.10460,11.41000,-0.37598,11.41000,-4.13364
11.42163,11.42000,-7.63759,11.42000,-0.45343,11.42000,-3.94330
11.43163,11.43000,-8.16740,11.43000,-0.48520,11.43000,-3.75052
11.44163,11.44000,-8.68242,11.44000,-0.47604,11.44000,-3.56501
11.45163,11.45000,-9.17300,11.45000,-0.43265,11.45000,-3.39431
11.46163,11.46000,-9.63161,11.46000,-0.36308,11.46000,-3.24357
11.47164,11.47000,-10.05298,11.47000,-0.27617,11.47000,-3.11550
11.48164,11.48000,-10.43386,11.48000,-0.18100,11.48000,-3.01066
11.49164,11.49000,-10.77290,11.49000,-0.08636,11.49000,-2.92784
11.50164,11.50000,-11.07025,11.50000,-0.00025,11.50000,-2.86464
11.51164,11.51000,-11.32741,11.51000,0.07062,11.51000,-2.81800
11.52164,11.52000,-11.54690,11.52000,0.12124,11.52000,-2.78485
11.53164,11.53000,-11.73206,11.53000,0.14862,11.53000,-2.76248
11.54165,11.54000,-11.88689,11.54000,0.15195,11.54000,-2.74897
11.55165,11.55000,-12.01589,11.55000,0.13255,11.55000,-2.74336
11.56165,11.56000,-12.12399,11.56000,0.09366,11.56000,-2.74576
11.57165,11.57000,-12.21645,11.57000,0.04011,11.57000,-2.75724
11.58165,11.58000,-12.29880,11.58000,-0.02218,11.58000,-2.77965
11.59165,11.59000,-12.37674,11.59000,-0.08680,11.59000,-2.81531
11.60165,11.60000,-12.45600,11.60000,-0.14744,11.60000,-2.86663
11.61166,11.61000,-12.54220,11.61000,-0.19842,11.61000,-2.93569
11.62166,11.62000,-12.64066,11.62000,-0.23520,11.62000,-3.02384
11.63166,11.63000,-12.75623,11.63000,-0.25459,11.63000,-3.13130
11.64166,11.64000,-12.89309,11.64000,-0.25490,11.64000,-3.25689
11.65166,11.65000,-13.05464,11.65000,-0.23591,11.65000,-3.39781
11.66166,11.66000,-13.24340,11.66000,-0.19868,11.66000,-3.54965
11.67166,11.67000,-13.46091,11.67000,-0.14537,11.67000,-3.70650
11.68167,11.68000,-13.70774,11.68000,-0.07897,11.68000,-3.86134
11.69167,11.69000,-13.98337,11.69000,-0.00301,11.69000,-4.00652
11.70167,11.70000,-14.28618,11.70000,0.07874,11.70000,-4.13435
11.71167,11.71000,-14.61321,11.71000,0.16260,11.71000,-4.23769
11.72167,11.72000,-14.95997,11.72000,0.24523,11.72000,-4.31053
11.73167,11.73000,-15.32028,11.73000,0.32384,11.73000,-4.34843
11.74167,11.74000,-15.68608,11.74000,0.39621,11.74000,-4.34877
11.75168,11.75000,-16.04756,11.75000,0.46069,11.75000,-4.31095
11.76168,11.76000,-16.39338,11.76000,0.51602,11.76000,-4.23634
11.77168,11.77000,-16.71126,11.77000,0.56112,11.77000,-4.12815
11.78168,11.78000,-16.98858,11.78000,0.59494,11.78000,-3.99121
11.79168,11.79000,-17.21324,11.79000,0.61629,11.79000,-3.83150
11.80168,11.80000,-17.37437,11.80000,0.62384,11.80000,-3.65569
11.81168,11.81000,-17.46302,11.81000,0.61622,11.81000,-3.47042
11.82169,11.82000,-17.47265,11.82000,0.59220,11.82000,-3.28169
11.83169,11.83000,-17.39939,11.83000,0.55091,11.83000,-3.09423
11.84169,11.84000,-17.24207,11.84000,0.49206,11.84000,-2.91103
11.85169,11.85000,-17.00218,11.85000,0.41606,11.85000,-2.73318
11.86169,11.86000,-16.68365,11.86000,0.32406,11.86000,-2.55994
11.87169,11.87000,-16.29259,11.87000,0.21793,11.87000,-2.38922
11.88169,11.88000,-15.83703,11.88000,0.10012,11.88000,-2.21813
11.89170,11.89000,-15.32656,11.89000,-0.02633,11.89000,-2.04375
11.90170,11.90000,-14.77191,11.90000,-0.15799,11.90000,-1.86380
11.91170,11.91000,-14.18453,11.91000,-0.29116,11.91000,-1.67711
11.92170,11.92000,-13.57609,11.92000,-0.42209,11.92000,-1.48390
11.93170,11.93000,-12.95797,11.93000,-0.54723,11.93000,-1.28583
11.94170,11.94000,-12.34081,11.94000,-0.66350,11.94000,-1.08577
11.95170,11.95000,-11.73412,11.95000,-0.76844,11.95000,-0.88748
11.96171,11.96000,-11.14594,11.96000,-0.86036,11.96000,-0.69521
11.97171,11.97000,-10.58268,11.97000,-0.93835,11.97000,-0.51320
11.98171,11.98000,-10.04910,11.98000,-1.00231,11.98000,-0.34534
11.99171,11.99000,-9.54834,11.99000,-1.05283,11.99000,-0.19486
12.00171,12.00000,-9.08215,12.00000,-1.09114,12.00000,-0.06405
12.01171,12.01000,-8.65110,12.01000,-1.11888,12.01000,0.04575
12.02171,12.02000,-8.25492,12.02000,-1.13796,12.02000,0.13423
12.03172,12.03000,-7.89282,12.03000,-1.15035,12.03000,0.20203
12.04172,12.04000,-7.56386,12.04000,-1.15783,12.04000,0.25052
12.05172,12.05000,-7.26721,12.05000,-1.16185,12.05000,0.28161
12.06172,12.06000,-7.00238,12.06000,-1.16346,12.06000,0.29752
12.07172,12.07000,-6.76924,12.07000,-1.16332,12.07000,0.30050
12.08172,12.08000,-6.56802,12.08000,-1.16181,12.08000,0.29272
12.09172,12.09000,-6.39911,12.09000,-1.15921,12.09000,0.27619
12.10173,12.10000,-6.26286,12.10000,-1.15592,12.10000,0.25282
12.11173,12.11000,-6.15932,12.11000,-1.15265,12.11000,0.22450
12.12173,12.12000,-6.08804,12.12000,-1.15055,12.12000,0.19326
12.13173,12.13000,-6.04789,12.13000,-1.15130,12.13000,0.16145
12.14173,12.14000,-6.03688,12.14000,-1.15700,12.14000,0.13182
12.15173,12.15000,-6.05211,12.15000,-1.17006,12.15000,0.10760
12.16173,12.16000,-6.08970,12.16000,-1.19292,12.16000,0.09240
12.17174,12.17000,-6.14478,12.17000,-1.22775,12.17000,0.09010
12.18174,12.18000,-6.21159,12.18000,-1.27612,12.18000,0.10457
12.19174,12.19000,-6.28364,12.19000,-1.33869,12.19000,0.13938
12.20174,12.20000,-6.35393,12.20000,-1.41486,12.20000,0.19746
12.21174,12.21000,-6.41533,12.21000,-1.50259,12.21000,0.28074
12.22174,12.22000,-6.46103,12.22000,-1.59831,12.22000,0.38983
12.23174,12.23000,-6.48500,12.23000,-1.69694,12.23000,0.52368
12.24175,12.24000,-6.48251,12.24000,-1.79219,12.24000,0.67945
12.25175,12.25000,-6.45056,12.25000,-1.87690,12.25000,0.85235
12.26175,12.26000,-6.38819,12.26000,-1.94357,12.26000,1.03574
12.27175,12.27000,-6.29675,12.27000,-1.98487,12.27000,1.22136
12.28175,12.28000,-6.17980,12.28000,-1.99411,12.28000,1.39969
12.29175,12.29000,-6.04293,12.29000,-1.96565,12.29000,1.56055
12.30175,12.30000,-5.89328,12.30000,-1.89518,12.30000,1.69363
12.31176,12.31000,-5.73885,12.31000,-1.77988,12.31000,1.78918
12.32176,12.32000,-5.58776,12.32000,-1.61850,12.32000,1.83867
12.33176,12.33000,-5.44749,12.33000,-1.41139,12.33000,1.83532
12.34176,12.34000,-5.32427,12.34000,-1.16049,12.34000,1.77455
12.35176,12.35000,-5.22267,12.35000,-0.86938,12.35000,1.65422
12.36176,12.36000,-5.14535,12.36000,-0.54342,12.36000,1.47472
12.37176,12.37000,-5.09306,12.37000,-0.18990,12.37000,1.23884
12.38177,12.38000,-5.06469,12.38000,0.18191,12.38000,0.95154
12.39177,12.39000,-5.05750,12.39000,0.56092,12.39000,0.61960
12.40177,12.40000,-5.06736,12.40000,0.93473,12.40000,0.25119
12.41177,12.41000,-5.08924,12.41000,1.29051,12.41000,-0.14461
12.42177,12.42000,-5.11781,12.42000,1.61611,12.42000,-0.55840
12.43177,12.43000,-5.14814,12.43000,1.90108,12.43000,-0.98106
12.44177,12.44000,-5.17648,12.44000,2.13749,12.44000,-1.40438
12.45178,12.45000,-5.20084,12.45000,2.32027,12.45000,-1.82140
12.46178,12.46000,-5.22157,12.46000,2.44709,12.46000,-2.22657
12.47178,12.47000,-5.24151,12.47000,2.51805,12.47000,-2.61557
12.48178,12.48000,-5.26585,12.48000,2.53524,12.48000,-2.98476
12.49178,12.49000,-5.30162,12.49000,2.50240,12.49000,-3.33075
12.50178,12.50000,-5.35697,12.50000,2.42469,12.50000,-3.64978
12.51178,12.51000,-5.44040,12.51000,2.30848,12.51000,-3.93759
12.52179,12.52000,-5.55992,12.52000,2.16122,12.52000,-4.18947
12.53179,12.53000,-5.72246,12.53000,1.99115,12.53000,-4.40069
12.54179,12.54000,-5.93336,12.54000,1.80702,12.54000,-4.56710
12.55179,12.55000,-6.19606,12.55000,1.61767,12.55000,-4.68581
12.56179,12.56000,-6.51199,12.56000,1.43157,12.56000,-4.75575
12.57179,12.57000,-6.88041,12.57000,1.25635,12.57000,-4.77811
12.58179,12.58000,-7.29850,12.58000,1.09840,12.58000,-4.75634
12.59180,12.59000,-7.76145,12.59000,0.96257,12.59000,-4.69610
12.60180,12.60000,-8.26270,12.60000,0.85196,12.60000,-4.60483
12.61180,12.61000,-8.79428,12.61000,0.76794,12.61000,-4.49125
12.62180,12.62000,-9.34716,12.62000,0.71022,12.62000,-4.36483
12.63180,12.63000,-9.91173,12.63000,0.67714,12.63000,-4.23516
12.64180,12.64000,-10.47813,12.64000,0.66586,12.64000,-4.11132
12.65180,12.65000,-11.03667,12.65000,0.67273,12.65000,-4.00132
12.66181,12.66000,-11.57811,12.66000,0.69342,12.66000,-3.91166
12.67181,12.67000,-12.09387,12.67000,0.72307,12.67000,-3.84695
12.68181,12.68000,-12.57628,12.68000,0.75635,12.68000,-3.80977
12.69181,12.69000,-13.01878,12.69000,0.78758,12.69000,-3.80068
12.70181,12.70000,-13.41614,12.70000,0.81077,12.70000,-3.81848
12.71181,12.71000,-13.76470,12.71000,0.81996,12.71000,-3.86058
12.72181,12.72000,-14.06255,12.72000,0.80956,12.72000,-3.92340
12.73182,12.73000,-14.30970,12.73000,0.77467,12.73000,-4.00289
12.74182,12.74000,-14.50809,12.74000,0.71152,12.74000,-4.09489
12.75182,12.75000,-14.66162,12.75000,0.61768,12.75000,-4.19550
12.76182,12.76000,-14.77603,12.76000,0.49226,12.76000,-4.30130
12.77182,12.77000,-14.85870,12.77000,0.33595,12.77000,-4.40955
12.78182,12.78000,-14.91842,12.78000,0.15099,12.78000,-4.51826
12.79182,12.79000,-14.96505,12.79000,-0.05894,12.79000,-4.62612
12.80183,12.80000,-15.00903,12.80000,-0.28891,12.80000,-4.73239
12.81183,12.81000,-15.06098,12.81000,-0.53295,12.81000,-4.83677
12.82183,12.82000,-15.13110,12.82000,-0.78429,12.82000,-4.93907
12.83183,12.83000,-15.22864,12.83000,-1.03560,12.83000,-5.03901
12.84183,12.84000,-15.36139,12.84000,-1.27928,12.84000,-5.13592
12.85183,12.85000,-15.53520,12.85000,-1.50769,12.85000,-5.22853
12.86183,12.86000,-15.75364,12.86000,-1.71355,12.86000,-5.31487
12.87184,12.87000,-16.01771,12.87000,-1.89031,12.87000,-5.39221
12.88184,12.88000,-16.32581,12.88000,-2.03257,12.88000,-5.45718
12.89184,12.89000,-16.67377,12.89000,-2.13646,12.89000,-5.50596
12.90184,12.90000,-17.05510,12.90000,-2.20000,12.90000,-5.53451
12.91184,12.91000,-17.46137,12.91000,-2.22315,12.91000,-5.53879
12.92184,12.92000,-17.88267,12.92000,-2.20781,12.92000,-5.51501
12.93184,12.93000,-18.30822,12.93000,-2.15753,12.93000,-5.45979
12.94185,12.94000,-18.72701,12.94000,-2.07718,12.94000,-5.37025
12.95185,12.95000,-19.12838,12.95000,-1.97254,12.95000,-5.24417
12.96185,12.96000,-19.50269,12.96000,-1.84988,12.96000,-5.08016
12.97185,12.97000,-19.84179,12.97000,-1.71568,12.97000,-4.87780
12.98185,12.98000,-20.13937,12.98000,-1.57635,12.98000,-4.63788
12.99185,12.99000,-20.39098,12.99000,-1.43810,12.99000,-4.36255
13.00185,13.00000,-20.59384,13.00000,-1.30678,13.00000,-4.05535
13.01186,13.01000,-20.74633,13.01000,-1.18776,13.01000,-3.72119
13.02186,13.02000,-20.84743,13.02000,-1.08580,13.02000,-3.36607
13.03186,13.03000,-20.89614,13.03000,-1.00485,13.03000,-2.99678
13.04186,13.04000,-20.89124,13.04000,-0.94778,13.04000,-2.62047
13.05186,13.05000,-20.83119,13.05000,-0.91608,13.05000,-2.24422
13.06186,13.06000,-20.71448,13.06000,-0.90969,13.06000,-1.87466
13.07186,13.07000,-20.54008,13.07000,-0.92692,13.07000,-1.51773
13.08187,13.08000,-20.30798,13.08000,-0.96457,13.08000,-1.17860
13.09187,13.09000,-20.01958,13.09000,-1.01836,13.09000,-0.86172
13.10187,13.10000,-19.67791,13.10000,-1.08325,13.10000,-0.57093
13.11187,13.11000,-19.28758,13.11000,-1.15398,13.11000,-0.30951
13.12187,13.12000,-18.85453,13.12000,-1.22545,13.12000,-0.08026
13.13187,13.13000,-18.38571,13.13000,-1.29304,13.13000,0.11466
13.14187,13.14000,-17.88863,13.14000,-1.35295,13.14000,0.27385
13.15188,13.15000,-17.37102,13.15000,-1.40235,13.15000,0.39695
13.16188,13.16000,-16.84053,13.16000,-1.43950,13.16000,0.48470
13.17188,13.17000,-16.30449,13.17000,-1.46375,13.17000,0.53914
13.18188,13.18000,-15.76981,13.18000,-1.47546,13.18000,0.56346
13.19188,13.19000,-15.24287,13.19000,-1.47581,13.19000,0.56194
13.20188,13.20000,-14.72943,13.20000,-1.46657,13.20000,0.53966
13.21188,13.21000,-14.23466,13.21000,-1.44986,13.21000,0.50215
13.22189,13.22000,-13.76314,13.22000,-1.42791,13.22000,0.45501
13.23189,13.23000,-13.31891,13.23000,-1.40286,13.23000,0.40346
13.24189,13.24000,-12.90558,13.24000,-1.37668,13.24000,0.35196
13.25189,13.25000,-12.52629,13.25000,-1.35109,13.25000,0.30396
13.26189,13.26000,-12.18378,13.26000,-1.32757,13.26000,0.26172
13.27189,13.27000,-11.88027,13.27000,-1.30744,13.27000,0.22637
13.28189,13.28000,-11.61739,13.28000,-1.29189,13.28000,0.19807
13.29190,13.29000,-11.39602,13.29000,-1.28209,13.29000,0.17637
13.30190,13.30000,-11.21620,13.30000,-1.27929,13.30000,0.16053
13.31190,13.31000,-11.07703,13.31000,-1.28480,13.31000,0.14992
13.32190,13.32000,-10.97655,13.32000,-1.30005,13.32000,0.14429
13.33190,13.33000,-10.91183,13.33000,-1.32650,13.33000,0.14403
13.34190,13.34000,-10.87895,13.34000,-1.36559,13.34000,0.15016
13.35190,13.35000,-10.87316,13.35000,-1.41855,13.35000,0.16434
13.36191,13.36000,-10.88901,13.36000,-1.48624,13.36000,0.18869
13.37191,13.37000,-10.92063,13.37000,-1.56894,13.37000,0.22552
13.38191,13.38000,-10.96195,13.38000,-1.66620,13.38000,0.27705
13.39191,13.39000,-11.00701,13.39000,-1.77664,13.39000,0.34511
13.40191,13.40000,-11.05033,13.40000,-1.89786,13.40000,0.43076
13.41191,13.41000,-11.08721,13.41000,-2.02641,13.41000,0.53410
13.42191,13.42000,-11.11413,13.42000,-2.15784,13.42000,0.65402
13.43192,13.43000,-11.12893,13.43000,-2.28691,13.43000,0.78808
13.44192,13.44000,-11.13097,13.44000,-2.40779,13.44000,0.93247
13.45192,13.45000,-11.12116,13.45000,-2.51440,13.45000,1.08206
13.46192,13.46000,-11.10181,13.46000,-2.60079,13.46000,1.23056
13.47192,13.47000,-11.07629,13.47000,-2.66134,13.47000,1.37082
13.48192,13.48000,-11.04871,13.48000,-2.69105,13.48000,1.49518
13.49192,13.49000,-11.02330,13.49000,-2.68571,13.49000,1.59589
13.50193,13.50000,-11.00391,13.50000,-2.64197,13.50000,1.66556
13.51193,13.51000,-10.99344,13.51000,-2.55744,13.51000,1.69761
13.52193,13.52000,-10.99347,13.52000,-2.43080,13.52000,1.68664
13.53193,13.53000,-11.00405,13.53000,-2.26194,13.53000,1.62877
13.54193,13.54000,-11.02366,13.54000,-2.05220,13.54000,1.52183
13.55193,13.55000,-11.04955,13.55000,-1.80476,13.55000,1.36548
13.56193,13.56000,-11.07804,13.56000,-1.52500,13.56000,1.16126
13.57194,13.57000,-11.10508,13.57000,-1.22086,13.57000,0.91254
13.58194,13.58000,-11.12671,13.58000,-0.90284,13.58000,0.62448
13.59194,13.59000,-11.13953,13.59000,-0.58362,13.59000,0.30383
13.60194,13.60000,-11.14114,13.60000,-0.27721,13.60000,-0.04123
13.61194,13.61000,-11.13056,13.61000,0.00229,13.61000,-0.40158
13.62194,13.62000,-11.10866,13.62000,0.24218,13.62000,-0.76770
13.63194,13.63000,-11.07835,13.63000,0.43245,13.63000,-1.13039
13.64195,13.64000,-11.04479,13.64000,0.56666,13.64000,-1.48144
13.65195,13.65000,-11.01527,13.65000,0.64226,13.65000,-1.81406
13.66195,13.66000,-10.99898,13.66000,0.66037,13.66000,-2.12308
13.67195,13.67000,-11.00643,13.67000,0.62512,13.67000,-2.40472
13.68195,13.68000,-11.04863,13.68000,0.54297,13.68000,-2.65615
13.69195,13.69000,-11.13618,13.69000,0.42194,13.69000,-2.87494
13.70195,13.70000,-11.27840,13.70000,0.27101,13.70000,-3.05879
13.71196,13.71000,-11.48239,13.71000,0.09960,13.71000,-3.20547
13.72196,13.72000,-11.75243,13.72000,-0.08296,13.72000,-3.31302
13.73196,13.73000,-12.08953,13.73000,-0.26781,13.73000,-3.38020
13.74196,13.74000,-12.49135,13.74000,-0.44693,13.74000,-3.40696
13.75196,13.75000,-12.95231,13.75000,-0.61343,13.75000,-3.39486
13.76196,13.76000,-13.46393,13.76000,-0.76181,13.76000,-3.34731
13.77196,13.77000,-14.01538,13.77000,-0.88816,13.77000,-3.26963
13.78197,13.78000,-14.59408,13.78000,-0.99022,13.78000,-3.16886
13.79197,13.79000,-15.18648,13.79000,-1.06735,13.79000,-3.05333
13.80197,13.80000,-15.77875,13.80000,-1.12026,13.80000,-2.93220
13.81197,13.81000,-16.35761,13.81000,-1.15074,13.81000,-2.81488
13.82197,13.82000,-16.91087,13.82000,-1.16131,13.82000,-2.71033
13.83197,13.83000,-17.42802,13.83000,-1.15490,13.83000,-2.62654
13.84197,13.84000,-17.90052,13.84000,-1.13471,13.84000,-2.56994
13.85198,13.85000,-18.32209,13.85000,-1.10417,13.85000,-2.54497
13.86198,13.86000,-18.68878,13.86000,-1.06706,13.86000,-2.55391
13.87198,13.87000,-18.99901,13.87000,-1.02766,13.87000,-2.59684
13.88198,13.88000,-19.25349,13.88000,-0.99087,13.88000,-2.67190
13.89198,13.89000,-19.45511,13.89000,-0.96214,13.89000,-2.77568
13.90198,13.90000,-19.60870,13.90000,-0.94721,13.90000,-2.90366
13.91198,13.91000,-19.72080,13.91000,-0.95168,13.91000,-3.05074
13.92199,13.92000,-19.79929,13.92000,-0.98040,13.92000,-3.21166
13.93199,13.93000,-19.85297,13.93000,-1.03689,13.93000,-3.38135
13.94199,13.94000,-19.89112,13.94000,-1.12288,13.94000,-3.55525
13.95199,13.95000,-19.92298,13.95000,-1.23794,13.95000,-3.72947
13.96199,13.96000,-19.95737,13.96000,-1.37931,13.96000,-3.90089
13.97199,13.97000,-20.00224,13.97000,-1.54193,13.97000,-4.06712
13.98199,13.98000,-20.06434,13.98000,-1.71871,13.98000,-4.22638
13.99200,13.99000,-20.14891,13.99000,-1.90090,13.99000,-4.37736
14.00200,14.00000,-20.25947,14.00000,-2.07865,14.00000,-4.51889
14.01200,14.01000,-20.39760,14.01000,-2.24165,14.01000,-4.64976
14.02200,14.02000,-20.56294,14.02000,-2.37984,14.02000,-4.76840
14.03200,14.03000,-20.75316,14.03000,-2.48412,14.03000,-4.87264
14.04200,14.04000,-20.96417,14.04000,-2.54709,14.04000,-4.95958
14.05200,14.05000,-21.19039,14.05000,-2.56372,14.05000,-5.02559
14.06201,14.06000,-21.42514,14.06000,-2.53188,14.06000,-5.06640
14.07201,14.07000,-21.66115,14.07000,-2.45265,14.07000,-5.07742
14.08201,14.08000,-21.89108,14.08000,-2.33036,14.08000,-5.05411
14.09201,14.09000,-22.10798,14.09000,-2.17231,14.09000,-4.99247
14.10201,14.10000,-22.30577,14.10000,-1.98816,14.10000,-4.88955
14.11201,14.11000,-22.47961,14.11000,-1.78908,14.11000,-4.74382
14.12201,14.12000,-22.62606,14.12000,-1.58678,14.12000,-4.55557
14.13202,14.13000,-22.74311,14.13000,-1.39244,14.13000,-4.32703
14.14202,14.14000,-22.82995,14.14000,-1.21582,14.14000,-4.06233
14.15202,14.15000,-22.88640,14.15000,-1.06469,14.15000,-3.76725
14.16202,14.16000,-22.91226,14.16000,-0.94446,14.16000,-3.44873
14.17202,14.17000,-22.90665,14.17000,-0.85825,14.17000,-3.11428
14.18202,14.18000,-22.86750,14.18000,-0.80712,14.18000,-2.77140
14.19202,14.19000,-22.79153,14.19000,-0.79027,14.19000,-2.42696
14.20203,14.20000,-22.67456,14.20000,-0.80539,14.20000,-2.08679
14.21203,14.21000,-22.51213,14.21000,-0.84887,14.21000,-1.75552
14.22203,14.22000,-22.30033,14.22000,-0.91608,14.22000,-1.43659
14.23203,14.23000,-22.03645,14.23000,-1.00161,14.23000,-1.13259
14.24203,14.24000,-21.71953,14.24000,-1.09953,14.24000,-0.84566
14.25203,14.25000,-21.35057,14.25000,-1.20374,14.25000,-0.57784
14.26203,14.26000,-20.93256,14.26000,-1.30822,14.26000,-0.33143
14.27204,14.27000,-20.47018,14.27000,-1.40746,14.27000,-0.10905
14.28204,14.28000,-19.96946,14.28000,-1.49667,14.28000,0.08649
14.29204,14.29000,-19.43733,14.29000,-1.57215,14.29000,0.25248
14.30204,14.30000,-18.88116,14.30000,-1.63140,14.30000,0.38671
14.31204,14.31000,-18.30842,14.31000,-1.67332,14.31000,0.48788
14.32204,14.32000,-17.72645,14.32000,-1.69816,14.32000,0.55594
14.33204,14.33000,-17.14237,14.33000,-1.70739,14.33000,0.59227
14.34204,14.34000,-16.56310,14.34000,-1.70352,14.34000,0.59975
14.35205,14.35000,-15.99536,14.35000,-1.68976,14.35000,0.58259
14.36205,14.36000,-15.44582,14.36000,-1.66968,14.36000,0.54605
14.37205,14.37000,-14.92111,14.37000,-1.64684,14.37000,0.49606
14.38205,14.38000,-14.42780,14.38000,-1.62448,14.38000,0.43877
14.39205,14.39000,-13.97239,14.39000,-1.60530,14.39000,0.38001
14.40205,14.40000,-13.56107,14.40000,-1.59132,14.40000,0.32489
14.41205,14.41000,-13.19952,14.41000,-1.58385,14.41000,0.27742
14.42206,14.42000,-12.89254,14.42000,-1.58367,14.42000,0.24036
14.43206,14.43000,-12.64377,14.43000,-1.59118,14.43000,0.21511
14.44206,14.44000,-12.45533,14.44000,-1.60664,14.44000,0.20190
14.45206,14.45000,-12.32763,14.45000,-1.63036,14.45000,0.20001
14.46206,14.46000,-12.25924,14.46000,-1.66283,14.46000,0.20816
14.47206,14.47000,-12.24694,14.47000,-1.70474,14.47000,0.22484
14.48206,14.48000,-12.28577,14.48000,-1.75689,14.48000,0.24866
14.49207,14.49000,-12.36926,14.49000,-1.82002,14.49000,0.27856
14.50207,14.50000,-12.48969,14.50000,-1.89458,14.50000,0.31394
14.51207,14.51000,-12.63839,14.51000,-1.98046,14.51000,0.35471
14.52207,14.52000,-12.80607,14.52000,-2.07673,14.52000,0.40120
14.53207,14.53000,-12.98321,14.53000,-2.18141,14.53000,0.45404
14.54207,14.54000,-13.16052,14.54000,-2.29133,14.54000,0.51396
14.55207,14.55000,-13.32936,14.55000,-2.40206,14.55000,0.58163
14.56208,14.56000,-13.48229,14.56000,-2.50797,14.56000,0.65742
14.57208,14.57000,-13.61352,14.57000,-2.60244,14.57000,0.74118
14.58208,14.58000,-13.71934,14.58000,-2.67816,14.58000,0.83207
14.59208,14.59000,-13.79847,14.59000,-2.72755,14.59000,0.92835
14.60208,14.60000,-13.85218,14.60000,-2.74330,14.60000,1.02725
14.61208,14.61000,-13.88425,14.61000,-2.71880,14.61000,1.12496
14.62208,14.62000,-13.90066,14.62000,-2.64868,14.62000,1.21673
14.63209,14.63000,-13.90913,14.63000,-2.52911,14.63000,1.29700
14.64209,14.64000,-13.91840,14.64000,-2.35803,14.64000,1.35972
14.65209,14.65000,-13.93738,14.65000,-2.13530,14.65000,1.39873
14.66209,14.66000,-13.97428,14.66000,-1.86282,14.66000,1.40812
14.67209,14.67000,-14.03582,14.67000,-1.54458,14.67000,1.38257
14.68209,14.68000,-14.12647,14.68000,-1.18681,14.68000,1.31772
14.69209,14.69000,-14.24803,14.69000,-0.79803,14.69000,1.21035
14.70210,14.70000,-14.39937,14.70000,-0.38897,14.70000,1.05860
14.71210,14.71000,-14.57649,14.71000,0.02762,14.71000,0.86211
14.72210,14.72000,-14.77290,14.72000,0.43753,14.72000,0.62207
14.73210,14.73000,-14.98034,14.73000,0.82590,14.73000,0.34128
14.74210,14.74000,-15.18978,14.74000,1.17829,14.74000,0.02406
14.75210,14.75000,-15.39268,14.75000,1.48184,14.75000,-0.32389
14.76210,14.76000,-15.58234,14.76000,1.72633,14.76000,-0.69578
14.77211,14.77000,-15.75511,14.77000,1.90477,14.77000,-1.08406
14.78211,14.78000,-15.91109,14.78000,2.01362,14.78000,-1.48084
14.79211,14.79000,-16.05422,14.79000,2.05247,14.79000,-1.87818
14.80211,14.80000,-16.19169,14.80000,2.02369,14.80000,-2.26822
14.81211,14.81000,-16.33299,14.81000,1.93196,14.81000,-2.64322
14.82211,14.82000,-16.48863,14.82000,1.78385,14.82000,-2.99558
14.83211,14.83000,-16.66891,14.83000,1.58747,14.83000,-3.31786
14.84212,14.84000,-16.88273,14.84000,1.35218,14.84000,-3.60306
14.85212,14.85000,-17.13682,14.85000,1.08819,14.85000,-3.84498
14.86212,14.86000,-17.43511,14.86000,0.80634,14.86000,-4.03878
14.87212,14.87000,-17.77854,14.87000,0.51771,14.87000,-4.18138
14.88212,14.88000,-18.16503,14.88000,0.23317,14.88000,-4.27190
14.89212,14.89000,-18.58966,14.89000,-0.03704,14.89000,-4.31177
14.90212,14.90000,-19.04506,14.90000,-0.28381,14.90000,-4.30466
14.91213,14.91000,-19.52193,14.91000,-0.49964,14.91000,-4.25618
14.92213,14.92000,-20.00971,14.92000,-0.67895,14.92000,-4.17342
14.93213,14.93000,-20.49729,14.93000,-0.81829,14.93000,-4.06447
14.94213,14.94000,-20.97368,14.94000,-0.91643,14.94000,-3.93783
14.95213,14.95000,-21.42865,14.95000,-0.97431,14.95000,-3.80198
14.96213,14.96000,-21.85315,14.96000,-0.99496,14.96000,-3.66483
14.97213,14.97000,-22.23965,14.97000,-0.98337,14.97000,-3.53344
14.98214,14.98000,-22.58234,14.98000,-0.94627,14.98000,-3.41363
14.99214,14.99000,-22.87724,14.99000,-0.89188,14.99000,-3.30992
15.00214,15.00000,-23.12225,15.00000,-0.82955,15.00000,-3.22551
15.01214,15.01000,-23.31720,15.01000,-0.76925,15.01000,-3.16240
15.02214,15.02000,-23.46384,15.02000,-0.72089,15.02000,-3.12156
15.03214,15.03000,-23.56585,15.03000,-0.69349,15.03000,-3.10319
15.04214,15.04000,-23.62875,15.04000,-0.69446,15.04000,-3.10692
15.05215,15.05000,-23.65972,15.05000,-0.72889,15.05000,-3.13197
15.06215,15.06000,-23.66733,15.06000,-0.79912,15.06000,-3.17734
15.07215,15.07000,-23.66113,15.07000,-0.90452,15.07000,-3.24188
15.08215,15.08000,-23.65120,15.08000,-1.04152,15.08000,-3.32440
15.09215,15.09000,-23.64753,15.09000,-1.20384,15.09000,-3.42359
15.10215,15.10000,-23.65938,15.10000,-1.38288,15.10000,-3.53798
15.11215,15.11000,-23.69464,15.11000,-1.56825,15.11000,-3.66579
15.12216,15.12000,-23.75920,15.12000,-1.74841,15.12000,-3.80480
15.13216,15.13000,-23.85640,15.13000,-1.91131,15.13000,-3.95211
15.14216,15.14000,-23.98672,15.14000,-2.04517,15.14000,-4.10404
15.15216,15.15000,-24.14760,15.15000,-2.13921,15.15000,-4.25603
15.16216,15.16000,-24.33355,15.16000,-2.18453,15.16000,-4.40266
15.17216,15.17000,-24.53658,15.17000,-2.17488,15.17000,-4.53774
15.18216,15.18000,-24.74681,15.18000,-2.10738,15.18000,-4.65459
15.19217,15.19000,-24.95341,15.19000,-1.98296,15.19000,-4.74641
15.20217,15.20000,-25.14552,15.20000,-1.80656,15.20000,-4.80667
15.21217,15.21000,-25.31327,15.21000,-1.58683,15.21000,-4.82961
15.22217,15.22000,-25.44860,15.22000,-1.33543,15.22000,-4.81063
15.23217,15.23000,-25.54592,15.23000,-1.06605,15.23000,-4.74661
15.24217,15.24000,-25.60243,15.24000,-0.79309,15.24000,-4.63618
15.25217,15.25000,-25.61814,15.25000,-0.53039,15.25000,-4.47981
15.26218,15.26000,-25.59546,15.26000,-0.29006,15.26000,-4.27980
15.27218,15.27000,-25.53844,15.27000,-0.08171,15.27000,-4.04016
15.28218,15.28000,-25.45176,15.28000,0.08798,15.28000,-3.76629
15.29218,15.29000,-25.33962,15.29000,0.21522,15.29000,-3.46462
15.30218,15.30000,-25.20483,15.30000,0.29890,15.30000,-3.14216
15.31218,15.31000,-25.04825,15.31000,0.34020,15.31000,-2.80608
15.32218,15.32000,-24.86878,15.32000,0.34233,15.32000,-2.46322
15.33219,15.33000,-24.66377,15.33000,0.31017,15.33000,-2.11985
15.34219,15.34000,-24.42975,15.34000,0.25001,15.34000,-1.78142
15.35219,15.35000,-24.16324,15.35000,0.16916,15.35000,-1.45263
15.36219,15.36000,-23.86153,15.36000,0.07558,15.36000,-1.13754
15.37219,15.37000,-23.52332,15.37000,-0.02257,15.37000,-0.83968
15.38219,15.38000,-23.14903,15.38000,-0.11744,15.38000,-0.56219
15.39219,15.39000,-22.74098,15.39000,-0.20194,15.39000,-0.30786
15.40220,15.40000,-22.30327,15.40000,-0.27022,15.40000,-0.07897
15.41220,15.41000,-21.84161,15.41000,-0.31804,15.41000,0.12280
15.42220,15.42000,-21.36296,15.42000,-0.34300,15.42000,0.29654
15.43220,15.43000,-20.87518,15.43000,-0.34461,15.43000,0.44220
15.44220,15.44000,-20.38660,15.44000,-0.32410,15.44000,0.56063
15.45220,15.45000,-19.90564,15.45000,-0.28416,15.45000,0.65352
15.46220,15.46000,-19.44031,15.46000,-0.22847,15.46000,0.72324
15.47221,15.47000,-18.99794,15.47000,-0.16133,15.47000,0.77278
15.48221,15.48000,-18.58482,15.48000,-0.08712,15.48000,0.80547
15.49221,15.49000,-18.20611,15.49000,-0.01004,15.49000,0.82489
15.50221,15.50000,-17.86571,15.50000,0.06614,15.50000,0.83458
15.51221,15.51000,-17.56633,15.51000,0.13818,15.51000,0.83783
15.52221,15.52000,-17.30959,15.52000,0.20330,15.52000,0.83744
15.53221,15.53000,-17.09605,15.53000,0.25907,15.53000,0.83558
15.54222,15.54000,-16.92531,15.54000,0.30324,15.54000,0.83367
15.55222,15.55000,-16.79606,15.55000,0.33364,15.55000,0.83242
15.56222,15.56000,-16.70605,15.56000,0.34811,15.56000,0.83199
15.57222,15.57000,-16.65219,15.57000,0.34450,15.57000,0.83219
15.58222,15.58000,-16.63059,15.58000,0.32081,15.58000,0.83274
15.59222,15.59000,-16.63662,15.59000,0.27533,15.59000,0.83353
15.60222,15.60000,-16.66514,15.60000,0.20686,15.60000,0.83479
15.61223,15.61000,-16.71063,15.61000,0.11498,15.61000,0.83721
15.62223,15.62000,-16.76740,15.62000,0.00024,15.62000,0.84198
15.63223,15.63000,-16.82984,15.63000,-0.13573,15.63000,0.85075
15.64223,15.64000,-16.89261,15.64000,-0.29010,15.64000,0.86553
15.65223,15.65000,-16.95083,15.65000,-0.45891,15.65000,0.88844
15.66223,15.66000,-17.00026,15.66000,-0.63723,15.66000,0.92148
15.67223,15.67000,-17.03745,15.67000,-0.81936,15.67000,0.96621
15.68224,15.68000,-17.05986,15.68000,-0.99909,15.68000,1.02348
15.69224,15.69000,-17.06597,15.69000,-1.17003,15.69000,1.09305
15.70224,15.70000,-17.05532,15.70000,-1.32592,15.70000,1.17347
15.71224,15.71000,-17.02851,15.71000,-1.46092,15.71000,1.26188
15.72224,15.72000,-16.98715,15.72000,-1.56989,15.72000,1.35410
15.73224,15.73000,-16.93373,15.73000,-1.64857,15.73000,1.44477
15.74224,15.74000,-16.87141,15.74000,-1.69370,15.74000,1.52771
15.75225,15.75000,-16.80374,15.75000,-1.70310,15.75000,1.59632
15.76225,15.76000,-16.73438,15.76000,-1.67560,15.76000,1.64412
15.77225,15.77000,-16.66675,15.77000,-1.61103,15.77000,1.66523
15.78225,15.78000,-16.60382,15.78000,-1.51010,15.78000,1.65482
15.79225,15.79000,-16.54787,15.79000,-1.37440,15.79000,1.60950
15.80225,15.80000,-16.50045,15.80000,-1.20635,15.80000,1.52744
15.81225,15.81000,-16.46232,15.81000,-1.00936,15.81000,1.40842
15.82226,15.82000,-16.43346,15.82000,-0.78802,15.82000,1.25369
15.83226,15.83000,-16.41316,15.83000,-0.54828,15.83000,1.06574
15.84226,15.84000,-16.40004,15.84000,-0.29765,15.84000,0.84802
15.85226,15.85000,-16.39214,15.85000,-0.04502,15.85000,0.60459
15.86226,15.86000,-16.38703,15.86000,0.19966,15.86000,0.33990
15.87226,15.87000,-16.38208,15.87000,0.42611,15.87000,0.05843
15.88226,15.88000,-16.37478,15.88000,0.62463,15.88000,-0.23559
15.89227,15.89000,-16.36321,15.89000,0.78692,15.89000,-0.53833
15.90227,15.90000,-16.34655,15.90000,0.90688,15.90000,-0.84657
15.91227,15.91000,-16.32554,15.91000,0.98096,15.91000,-1.15751
15.92227,15.92000,-16.30289,15.92000,1.00822,15.92000,-1.46858
15.93227,15.93000,-16.28335,15.93000,0.99010,15.93000,-1.77697
15.94227,15.94000,-16.27352,15.94000,0.93003,15.94000,-2.07914
15.95227,15.95000,-16.28125,15.95000,0.83297,15.95000,-2.37051
15.96228,15.96000,-16.31501,15.96000,0.70495,15.96000,-2.64536
15.97228,15.97000,-16.38303,15.97000,0.55274,15.97000,-2.89701
15.98228,15.98000,-16.49255,15.98000,0.38348,15.98000,-3.11848
15.99228,15.99000,-16.64914,15.99000,0.20447,15.99000,-3.30319
16.00228,16.00000,-16.85627,16.00000,0.02300,16.00000,-3.44587
16.01228,16.01000,-17.11493,16.01000,-0.15387,16.01000,-3.54331
16.02228,16.02000,-17.42352,16.02000,-0.31949,16.02000,-3.59485
16.03229,16.03000,-17.77787,16.03000,-0.46789,16.03000,-3.60265
16.04229,16.04000,-18.17136,16.04000,-0.59412,16.04000,-3.57145
16.05229,16.05000,-18.59535,16.05000,-0.69449,16.05000,-3.50821
16.06229,16.06000,-19.03959,16.06000,-0.76681,16.06000,-3.42139
16.07229,16.07000,-19.49288,16.07000,-0.81056,16.07000,-3.32021
16.08229,16.08000,-19.94375,16.08000,-0.82680,16.08000,-3.21392
16.09229,16.09000,-20.38108,16.09000,-0.81808,16.09000,-3.11107
16.10230,16.10000,-20.79472,16.10000,-0.78814,16.10000,-3.01896
16.11230,16.11000,-21.17592,16.11000,-0.74169,16.11000,-2.94325
16.12230,16.12000,-21.51771,16.12000,-0.68419,16.12000,-2.88774
16.13230,16.13000,-21.81508,16.13000,-0.62162,16.13000,-2.85429
16.14230,16.14000,-22.06508,16.14000,-0.56035,16.14000,-2.84306
16.15230,16.15000,-22.26685,16.15000,-0.50692,16.15000,-2.85276
16.16230,16.16000,-22.42157,16.16000,-0.46777,16.16000,-2.88110
16.17231,16.17000,-22.53244,16.17000,-0.44892,16.17000,-2.92520
16.18231,16.18000,-22.60450,16.18000,-0.45550,16.18000,-2.98196
16.19231,16.19000,-22.64451,16.19000,-0.49145,16.19000,-3.04843
16.20231,16.20000,-22.66071,16.20000,-0.55908,16.20000,-3.12202
16.21231,16.21000,-22.66242,16.21000,-0.65889,16.21000,-3.20070
16.22231,16.22000,-22.65968,16.22000,-0.78941,16.22000,-3.28308
16.23231,16.23000,-22.66274,16.23000,-0.94720,16.23000,-3.36843
16.24232,16.24000,-22.68153,16.24000,-1.12699,16.24000,-3.45665
16.25232,16.25000,-22.72506,16.25000,-1.32181,16.25000,-3.54809
16.26232,16.26000,-22.80088,16.26000,-1.52332,16.26000,-3.64336
16.27232,16.27000,-22.91455,16.27000,-1.72215,16.27000,-3.74306
16.28232,16.28000,-23.06927,16.28000,-1.90831,16.28000,-3.84743
16.29232,16.29000,-23.26554,16.29000,-2.07167,16.29000,-3.95603
16.30232,16.30000,-23.50116,16.30000,-2.20253,16.30000,-4.06745
16.31233,16.31000,-23.77140,16.31000,-2.29229,16.31000,-4.17908
16.32233,16.32000,-24.06934,16.32000,-2.33418,16.32000,-4.28709
16.33233,16.33000,-24.38652,16.33000,-2.32401,16.33000,-4.38650
16.34233,16.34000,-24.71372,16.34000,-2.26078,16.34000,-4.47153
16.35233,16.35000,-25.04174,16.35000,-2.14715,16.35000,-4.53606
16.36233,16.36000,-25.36223,16.36000,-1.98953,16.36000,-4.57417
16.37233,16.37000,-25.66830,16.37000,-1.79777,16.37000,-4.58071
16.38234,16.38000,-25.95499,16.38000,-1.58448,16.38000,-4.55176
16.39234,16.39000,-26.21942,16.39000,-1.36391,16.39000,-4.48502
16.40234,16.40000,-26.46073,16.40000,-1.15071,16.40000,-4.37998
16.41234,16.41000,-26.67967,16.41000,-0.95853,16.41000,-4.23802
16.42234,16.42000,-26.87793,16.42000,-0.79883,16.42000,-4.06220
16.43234,16.43000,-27.05722,16.43000,-0.68009,16.43000,-3.85703
16.44234,16.44000,-27.21827,16.44000,-0.60746,16.44000,-3.62801
16.45235,16.45000,-27.35999,16.45000,-0.58278,16.45000,-3.38118
16.46235,16.46000,-27.47903,16.46000,-0.60487,16.46000,-3.12257
16.47235,16.47000,-27.56987,16.47000,-0.67000,16.47000,-2.85771
16.48235,16.48000,-27.62539,16.48000,-0.77227,16.48000,-2.59124
16.49235,16.49000,-27.63790,16.49000,-0.90399,16.49000,-2.32674
16.50235,16.50000,-27.60022,16.50000,-1.05611,16.50000,-2.06671
16.51235,16.51000,-27.50678,16.51000,-1.21867,16.51000,-1.81282
16.52236,16.52000,-27.35441,16.52000,-1.38135,16.52000,-1.56626
16.53236,16.53000,-27.14287,16.53000,-1.53404,16.53000,-1.32812
16.54236,16.54000,-26.87489,16.54000,-1.66746,16.54000,-1.09975
16.55236,16.55000,-26.55593,16.55000,-1.77384,16.55000,-0.88286
16.56236,16.56000,-26.19369,16.56000,-1.84740,16.56000,-0.67952
16.57236,16.57000,-25.79735,16.57000,-1.88491,16.57000,-0.49203
16.58236,16.58000,-25.37687,16.58000,-1.88582,16.58000,-0.32259
16.59237,16.59000,-24.94228,16.59000,-1.85233,16.59000,-0.17305
16.60237,16.60000,-24.50308,16.60000,-1.78905,16.60000,-0.04462
16.61237,16.61000,-24.06784,16.61000,-1.70255,16.61000,0.06232
16.62237,16.62000,-23.64391,16.62000,-1.60067,16.62000,0.14826
16.63237,16.63000,-23.23730,16.63000,-1.49174,16.63000,0.21461
16.64237,16.64000,-22.85268,16.64000,-1.38389,16.64000,0.26353
16.65237,16.65000,-22.49351,16.65000,-1.28437,16.65000,0.29773
16.66238,16.66000,-22.16223,16.66000,-1.19910,16.66000,0.32022
16.67238,16.67000,-21.86042,16.67000,-1.13233,16.67000,0.33404
16.68238,16.68000,-21.58906,16.68000,-1.08662,16.68000,0.34195
16.69238,16.69000,-21.34867,16.69000,-1.06287,16.69000,0.34619
16.70238,16.70000,-21.13940,16.70000,-1.06061,16.70000,0.34829
16.71238,16.71000,-20.96107,16.71000,-1.07830,16.71000,0.34902
16.72238,16.72000,-20.81311,16.72000,-1.11376,16.72000,0.34842
16.73239,16.73000,-20.69452,16.73000,-1.16451,16.73000,0.34597
16.74239,16.74000,-20.60376,16.74000,-1.22810,16.74000,0.34078
16.75239,16.75000,-20.53874,16.75000,-1.30234,16.75000,0.33192
16.76239,16.76000,-20.49680,16.76000,-1.38543,16.76000,0.31863
16.77239,16.77000,-20.47480,16.77000,-1.47600,16.77000,0.30059
16.78239,16.78000,-20.46924,16.78000,-1.57304,16.78000,0.27810
16.79239,16.79000,-20.47641,16.79000,-1.67588,16.79000,0.25212
16.80240,16.80000,-20.49256,16.80000,-1.78399,16.80000,0.22432
16.81240,16.81000,-20.51403,16.81000,-1.89687,16.81000,0.19695
16.82240,16.82000,-20.53736,16.82000,-2.01390,16.82000,0.17270
16.83240,16.83000,-20.55943,16.83000,-2.13414,16.83000,0.15439
16.84240,16.84000,-20.57748,16.84000,-2.25623,16.84000,0.14475
16.85240,16.85000,-20.58921,16.85000,-2.37821,16.85000,0.14606
16.86240,16.86000,-20.59283,16.86000,-2.49745,16.86000,0.15984
16.87241,16.87000,-20.58715,16.87000,-2.61056,16.87000,0.18666
16.88241,16.88000,-20.57169,16.88000,-2.71346,16.88000,0.22588
16.89241,16.89000,-20.54681,16.89000,-2.80143,16.89000,0.27560
16.90241,16.90000,-20.51373,16.90000,-2.86925,16.90000,0.33269
16.91241,16.91000,-20.47458,16.91000,-2.91146,16.91000,0.39291
16.92241,16.92000,-20.43229,16.92000,-2.92260,16.92000,0.45116
16.93241,16.93000,-20.39039,16.93000,-2.89757,16.93000,0.50184
16.94242,16.94000,-20.35269,16.94000,-2.83190,16.94000,0.53927
16.95242,16.95000,-20.32289,16.95000,-2.72219,16.95000,0.55814
16.96242,16.96000,-20.30415,16.96000,-2.56641,16.96000,0.55394
16.97242,16.97000,-20.29870,16.97000,-2.36436,16.97000,0.52333
16.98242,16.98000,-20.30746,16.98000,-2.11800,16.98000,0.46435
16.99242,16.99000,-20.32989,16.99000,-1.83179,16.99000,0.37656
17.00242,17.00000,-20.36377,17.00000,-1.51295,17.00000,0.26092
17.01243,17.01000,-20.40539,17.01000,-1.17139,17.01000,0.11962
17.02243,17.02000,-20.44973,17.02000,-0.81952,17.02000,-0.04427
17.03243,17.03000,-20.49095,17.03000,-0.47149,17.03000,-0.22715
17.04243,17.04000,-20.52299,17.04000,-0.14218,17.04000,-0.42533
17.05243,17.05000,-20.54037,17.05000,0.15413,17.05000,-0.63540
17.06243,17.06000,-20.53910,17.06000,0.40511,17.06000,-0.85442
17.07243,17.07000,-20.51760,17.07000,0.60146,17.07000,-1.08015
17.08244,17.08000,-20.47746,17.08000,0.73745,17.08000,-1.31093
17.09244,17.09000,-20.42374,17.09000,0.81105,17.09000,-1.54558
17.10244,17.10000,-20.36486,17.10000,0.82347,17.10000,-1.78294
17.11244,17.11000,-20.31184,17.11000,0.77865,17.11000,-2.02137
17.12244,17.12000,-20.27729,17.12000,0.68247,17.12000,-2.25827
17.13244,17.13000,-20.27417,17.13000,0.54214,17.13000,-2.48963
17.14244,17.14000,-20.31455,17.14000,0.36556,17.14000,-2.71001
17.15245,17.15000,-20.40851,17.15000,0.16080,17.15000,-2.91278
17.16245,17.16000,-20.56338,17.16000,-0.06421,17.16000,-3.09068
17.17245,17.17000,-20.78325,17.17000,-0.30185,17.17000,-3.23657
17.18245,17.18000,-21.06891,17.18000,-0.54482,17.18000,-3.34430
17.19245,17.19000,-21.41793,17.19000,-0.78618,17.19000,-3.40946
17.20245,17.20000,-21.82495,17.20000,-1.01932,17.20000,-3.42995
17.21245,17.21000,-22.28206,17.21000,-1.23816,17.21000,-3.40627
17.22246,17.22000,-22.77924,17.22000,-1.43729,17.22000,-3.34150
17.23246,17.23000,-23.30492,17.23000,-1.61227,17.23000,-3.24100
17.24246,17.24000,-23.84660,17.24000,-1.75980,17.24000,-3.11198
17.25246,17.25000,-24.39145,17.25000,-1.87795,17.25000,-2.96292
17.26246,17.26000,-24.92701,17.26000,-1.96611,17.26000,-2.80295
17.27246,17.27000,-25.44172,17.27000,-2.02501,17.27000,-2.64130
17.28246,17.28000,-25.92539,17.28000,-2.05662,17.28000,-2.48667
17.29247,17.29000,-26.36957,17.29000,-2.06402,17.29000,-2.34681
17.30247,17.30000,-26.76772,17.30000,-2.05134,17.30000,-2.22808
17.31247,17.31000,-27.11533,17.31000,-2.02366,17.31000,-2.13528
17.32247,17.32000,-27.40996,17.32000,-1.98684,17.32000,-2.07154
17.33247,17.33000,-27.65125,17.33000,-1.94730,17.33000,-2.03845
17.34247,17.34000,-27.84085,17.34000,-1.91175,17.34000,-2.03624
17.35247,17.35000,-27.98242,17.35000,-1.88671,17.35000,-2.06403
17.36248,17.36000,-28.08152,17.36000,-1.87807,17.36000,-2.12009
17.37248,17.37000,-28.14548,17.37000,-1.89067,17.37000,-2.20212
17.38248,17.38000,-28.18313,17.38000,-1.92796,17.38000,-2.30737
17.39248,17.39000,-28.20453,17.39000,-1.99169,17.39000,-2.43290
17.40248,17.40000,-28.22047,17.40000,-2.08174,17.40000,-2.57558
17.41248,17.41000,-28.24203,17.41000,-2.19607,17.41000,-2.73229
17.42248,17.42000,-28.27991,17.42000,-2.33071,17.42000,-2.89987
17.43249,17.43000,-28.34388,17.43000,-2.47984,17.43000,-3.07520
17.44249,17.44000,-28.44212,17.44000,-2.63610,17.44000,-3.25519
17.45249,17.45000,-28.58070,17.45000,-2.79084,17.45000,-3.43670
17.46249,17.46000,-28.76310,17.46000,-2.93462,17.46000,-3.61654
17.47249,17.47000,-28.98994,17.47000,-3.05777,17.47000,-3.79136
17.48249,17.48000,-29.25889,17.48000,-3.15098,17.48000,-3.95757
17.49249,17.49000,-29.56480,17.49000,-3.20608,17.49000,-4.11126
17.50250,17.50000,-29.90009,17.50000,-3.21672,17.50000,-4.24820
17.51250,17.51000,-30.25537,17.51000,-3.17900,17.51000,-4.36392
17.52250,17.52000,-30.62016,17.52000,-3.09192,17.52000,-4.45378
17.53250,17.53000,-30.98372,17.53000,-2.95764,17.53000,-4.51326
17.54250,17.54000,-31.33581,17.54000,-2.78140,17.54000,-4.53816
17.55250,17.55000,-31.66740,17.55000,-2.57111,17.55000,-4.52492
17.56250,17.56000,-31.97115,17.56000,-2.33680,17.56000,-4.47083
17.57251,17.57000,-32.24174,17.57000,-2.08967,17.57000,-4.37432
17.58251,17.58000,-32.47592,17.58000,-1.84115,17.58000,-4.23513
17.59251,17.59000,-32.67233,17.59000,-1.60193,17.59000,-4.05438
17.60251,17.60000,-32.83094,17.60000,-1.38119,17.60000,-3.83464
17.61251,17.61000,-32.95231,17.61000,-1.18618,17.61000,-3.57986
17.62251,17.62000,-33.03669,17.62000,-1.02211,17.62000,-3.29520
17.63251,17.63000,-33.08325,17.63000,-0.89229,17.63000,-2.98681
17.64252,17.64000,-33.08970,17.64000,-0.79839,17.64000,-2.66140
17.65252,17.65000,-33.05238,17.65000,-0.74068,17.65000,-2.32594
17.66252,17.66000,-32.96676,17.66000,-0.71830,17.66000,-1.98727
17.67252,17.67000,-32.82836,17.67000,-0.72936,17.67000,-1.65183
17.68252,17.68000,-32.63361,17.68000,-0.77114,17.68000,-1.32554
17.69252,17.69000,-32.38066,17.69000,-0.84014,17.69000,-1.01382
17.70252,17.70000,-32.06983,17.70000,-0.93219,17.70000,-0.72163
17.71253,17.71000,-31.70374,17.71000,-1.04259,17.71000,-0.45345
17.72253,17.72000,-31.28707,17.72000,-1.16627,17.72000,-0.21334
17.73253,17.73000,-30.82614,17.73000,-1.29803,17.73000,-0.00476
17.74253,17.74000,-30.32828,17.74000,-1.43275,17.74000,0.16964
17.75253,17.75000,-29.80129,17.75000,-1.56569,17.75000,0.30817
17.76253,17.76000,-29.25297,17.76000,-1.69272,17.76000,0.41038
17.77253,17.77000,-28.69079,17.77000,-1.81053,17.77000,0.47711
17.78254,17.78000,-28.12175,17.78000,-1.91680,17.78000,0.51057
17.79254,17.79000,-27.55239,17.79000,-2.01028,17.79000,0.51419
17.80254,17.80000,-26.98887,17.80000,-2.09077,17.80000,0.49250
17.81254,17.81000,-26.43710,17.81000,-2.15899,17.81000,0.45081
17.82254,17.82000,-25.90295,17.82000,-2.21640,17.82000,0.39493
17.83254,17.83000,-25.39230,17.83000,-2.26490,17.83000,0.33077
17.84254,17.84000,-24.91113,17.84000,-2.30659,17.84000,0.26395
17.85255,17.85000,-24.46547,17.85000,-2.34350,17.85000,0.19939
17.86255,17.86000,-24.06118,17.86000,-2.37743,17.86000,0.14105
17.87255,17.87000,-23.70377,17.87000,-2.40984,17.87000,0.09166
17.88255,17.88000,-23.39799,17.88000,-2.44186,17.88000,0.05264
17.89255,17.89000,-23.14751,17.89000,-2.47430,17.89000,0.02421
17.90255,17.90000,-22.95460,17.90000,-2.50772,17.90000,0.00557
17.91255,17.91000,-22.81981,17.91000,-2.54250,17.91000,-0.00480
17.92256,17.92000,-22.74186,17.92000,-2.57893,17.92000,-0.00870
17.93256,17.93000,-22.71758,17.93000,-2.61720,17.93000,-0.00793
17.94256,17.94000,-22.74205,17.94000,-2.65742,17.94000,-0.00389
17.95256,17.95000,-22.80881,17.95000,-2.69953,17.95000,0.00257
17.96256,17.96000,-22.91014,17.96000,-2.74327,17.96000,0.01126
17.97256,17.97000,-23.03749,17.97000,-2.78805,17.97000,0.02270
17.98256,17.98000,-23.18189,17.98000,-2.83286,17.98000,0.03805
17.99257,17.99000,-23.33444,17.99000,-2.87617,17.99000,0.05890
18.00257,18.00000,-23.48673,18.00000,-2.91589,18.00000,0.08717
18.01257,18.01000,-23.63136,18.01000,-2.94931,18.01000,0.12487
18.02257,18.02000,-23.76233,18.02000,-2.97316,18.02000,0.17389
18.03257,18.03000,-23.87534,18.03000,-2.98370,18.03000,0.23572
18.04257,18.04000,-23.96810,18.04000,-2.97688,18.04000,0.31123
18.05257,18.05000,-24.04034,18.05000,-2.94863,18.05000,0.40036
18.06258,18.06000,-24.09377,18.06000,-2.89507,18.06000,0.50188
18.07258,18.07000,-24.13183,18.07000,-2.81278,18.07000,0.61322
18.08258,18.08000,-24.15922,18.08000,-2.69898,18.08000,0.73031
18.09258,18.09000,-24.18136,18.09000,-2.55160,18.09000,0.84763
18.10258,18.10000,-24.20367,18.10000,-2.36935,18.10000,0.95831
18.11258,18.11000,-24.23091,18.11000,-2.15168,18.11000,1.05436
18.12258,18.12000,-24.26659,18.12000,-1.89887,18.12000,1.12703
18.13259,18.13000,-24.31252,18.13000,-1.61209,18.13000,1.16722
18.14259,18.14000,-24.36859,18.14000,-1.29366,18.14000,1.16600
18.15259,18.15000,-24.43287,18.15000,-0.94742,18.15000,1.11520
18.16259,18.16000,-24.50182,18.16000,-0.57910,18.16000,1.00803
18.17259,18.17000,-24.57077,18.17000,-0.19672,18.17000,0.83973
18.18259,18.18000,-24.63443,18.18000,0.18936,18.18000,0.60826
18.19259,18.19000,-24.68755,18.19000,0.56671,18.19000,0.31478
18.20260,18.20000,-24.72557,18.20000,0.92153,18.20000,-0.03602
18.21260,18.21000,-24.74540,18.21000,1.23973,18.21000,-0.43591
18.22260,18.22000,-24.74610,18.22000,1.50814,18.22000,-0.87344
18.23260,18.23000,-24.72949,18.23000,1.71568,18.23000,-1.33460
18.24260,18.24000,-24.70048,18.24000,1.85418,18.24000,-1.80359
18.25260,18.25000,-24.66701,18.25000,1.91890,18.25000,-2.26387
18.26260,18.26000,-24.63956,18.26000,1.90865,18.26000,-2.69906
18.27261,18.27000,-24.63021,18.27000,1.82577,18.27000,-3.09390
18.28261,18.28000,-24.65155,18.28000,1.67591,18.28000,-3.43514
18.29261,18.29000,-24.71543,18.29000,1.46775,18.29000,-3.71232
18.30261,18.30000,-24.83177,18.30000,1.21256,18.30000,-3.91843
18.31261,18.31000,-25.00763,18.31000,0.92360,18.31000,-4.05036
18.32261,18.32000,-25.24640,18.32000,0.61535,18.32000,-4.10905
18.33261,18.33000,-25.54750,18.33000,0.30265,18.33000,-4.09934
18.34262,18.34000,-25.90628,18.34000,-0.00026,18.34000,-4.02941
18.35262,18.35000,-26.31449,18.35000,-0.28060,18.35000,-3.91001
18.36262,18.36000,-26.76087,18.36000,-0.52786,18.36000,-3.75351
18.37262,18.37000,-27.23219,18.37000,-0.73437,18.37000,-3.57285
18.38262,18.38000,-27.71421,18.38000,-0.89558,18.38000,-3.38067
18.39262,18.39000,-28.19285,18.39000,-1.01020,18.39000,-3.18848
18.40262,18.40000,-28.65502,18.40000,-1.07991,18.40000,-3.00610
18.41263,18.41000,-29.08942,18.41000,-1.10906,18.41000,-2.84128
18.42263,18.42000,-29.48695,18.42000,-1.10416,18.42000,-2.69953
18.43263,18.43000,-29.84099,18.43000,-1.07335,18.43000,-2.58413
18.44263,18.44000,-30.14745,18.44000,-1.02588,18.44000,-2.49634
18.45263,18.45000,-30.40470,18.45000,-0.97159,18.45000,-2.43572
18.46263,18.46000,-30.61340,18.46000,-0.92032,18.46000,-2.40055
18.47263,18.47000,-30.77635,18.47000,-0.88135,18.47000,-2.38830
18.48264,18.48000,-30.89823,18.48000,-0.86279,18.48000,-2.39604
18.49264,18.49000,-30.98531,18.49000,-0.87107,18.49000,-2.42073
18.50264,18.50000,-31.04515,18.50000,-0.91055,18.50000,-2.45952
18.51264,18.51000,-31.08619,18.51000,-0.98333,18.51000,-2.50993
18.52264,18.52000,-31.11742,18.52000,-1.08918,18.52000,-2.56994
18.53264,18.53000,-31.14800,18.53000,-1.22561,18.53000,-2.63805
18.54264,18.54000,-31.18685,18.54000,-1.38813,18.54000,-2.71329
18.55265,18.55000,-31.24235,18.55000,-1.57049,18.55000,-2.79510
18.56265,18.56000,-31.32196,18.56000,-1.76508,18.56000,-2.88333
18.57265,18.57000,-31.43190,18.57000,-1.96333,18.57000,-2.97804
18.58265,18.58000,-31.57692,18.58000,-2.15610,18.58000,-3.07938
18.59265,18.59000,-31.76001,18.59000,-2.33408,18.59000,-3.18738
18.60265,18.60000,-31.98233,18.60000,-2.48827,18.60000,-3.30175
18.61265,18.61000,-32.24306,18.61000,-2.61041,18.61000,-3.42163
18.62266,18.62000,-32.53947,18.62000,-2.69348,18.62000,-3.54539
18.63266,18.63000,-32.86701,18.63000,-2.73225,18.63000,-3.67045
18.64266,18.64000,-33.21944,18.64000,-2.72360,18.64000,-3.79322
18.65266,18.65000,-33.58912,18.65000,-2.66684,18.65000,-3.90910
18.66266,18.66000,-33.96721,18.66000,-2.56375,18.66000,-4.01263
18.67266,18.67000,-34.34402,18.67000,-2.41840,18.67000,-4.09760
18.68266,18.68000,-34.70931,18.68000,-2.23684,18.68000,-4.15740
18.69267,18.69000,-35.05277,18.69000,-2.02663,18.69000,-4.18529
18.70267,18.70000,-35.36452,18.70000,-1.79637,18.70000,-4.17491
18.71267,18.71000,-35.63566,18.71000,-1.55515,18.71000,-4.12077
18.72267,18.72000,-35.85890,18.72000,-1.31205,18.72000,-4.01883
18.73267,18.73000,-36.02900,18.73000,-1.07573,18.73000,-3.86699
18.74267,18.74000,-36.14301,18.74000,-0.85403,18.74000,-3.66553
18.75267,18.75000,-36.20030,18.75000,-0.65370,18.75000,-3.41724
18.76268,18.76000,-36.20214,18.76000,-0.48026,18.76000,-3.12737
18.77268,18.77000,-36.15117,18.77000,-0.33784,18.77000,-2.80328
18.78268,18.78000,-36.05070,18.78000,-0.22917,18.78000,-2.45391
18.79268,18.79000,-35.90413,18.79000,-0.15558,18.79000,-2.08911
18.80268,18.80000,-35.71451,18.80000,-0.11693,18.80000,-1.71895
18.81268,18.81000,-35.48444,18.81000,-0.11175,18.81000,-1.35306
18.82268,18.82000,-35.21621,18.82000,-0.13725,18.82000,-1.00021
18.83269,18.83000,-34.91213,18.83000,-0.18951,18.83000,-0.66789
18.84269,18.84000,-34.57488,18.84000,-0.26369,18.84000,-0.36222
18.85269,18.85000,-34.20781,18.85000,-0.35422,18.85000,-0.08790
18.86269,18.86000,-33.81510,18.86000,-0.45515,18.86000,0.15180
18.87269,18.87000,-33.40173,18.87000,-0.56050,18.87000,0.35494
18.88269,18.88000,-32.97339,18.88000,-0.66469,18.88000,0.52090
18.89269,18.89000,-32.53621,18.89000,-0.76291,18.89000,0.65023
18.90270,18.90000,-32.09655,18.90000,-0.85140,18.90000,0.74458
18.91270,18.91000,-31.66073,18.91000,-0.92767,18.91000,0.80655
18.92270,18.92000,-31.23479,18.92000,-0.99050,18.92000,0.83952
18.93270,18.93000,-30.82423,18.93000,-1.03997,18.93000,0.84745
18.94270,18.94000,-30.43390,18.94000,-1.07725,18.94000,0.83469
18.95270,18.95000,-30.06790,18.95000,-1.10438,18.95000,0.80577
18.96270,18.96000,-29.72962,18.96000,-1.12404,18.96000,0.76522
18.97271,18.97000,-29.42178,18.97000,-1.13916,18.97000,0.71736
18.98271,18.98000,-29.14664,18.98000,-1.15274,18.98000,0.66607
18.99271,18.99000,-28.90603,18.99000,-1.16758,18.99000,0.61460
19.00271,19.00000,-28.70149,19.00000,-1.18620,19.00000,0.56540
19.01271,19.01000,-28.53415,19.01000,-1.21074,19.01000,0.52000
19.02271,19.02000,-28.40470,19.02000,-1.24296,19.02000,0.47908
19.03271,19.03000,-28.31315,19.03000,-1.28428,19.03000,0.44256
19.04272,19.04000,-28.25865,19.04000,-1.33571,19.04000,0.40986
19.05272,19.05000,-28.23935,19.05000,-1.39795,19.05000,0.38024
19.06272,19.06000,-28.25233,19.06000,-1.47128,19.06000,0.35313
19.07272,19.07000,-28.29355,19.07000,-1.55552,19.07000,0.32835
19.08272,19.08000,-28.35802,19.08000,-1.64997,19.08000,0.30641
19.09272,19.09000,-28.43993,19.09000,-1.75334,19.09000,0.28851
19.10272,19.10000,-28.53301,19.10000,-1.86362,19.10000,0.27653
19.11273,19.11000,-28.63080,19.11000,-1.97806,19.11000,0.27290
19.12273,19.12000,-28.72703,19.12000,-2.09311,19.12000,0.28029
19.13273,19.13000,-28.81603,19.13000,-2.20450,19.13000,0.30134
19.14273,19.14000,-28.89303,19.14000,-2.30725,19.14000,0.33823
19.15273,19.15000,-28.95460,19.15000,-2.39591,19.15000,0.39237
19.16273,19.16000,-28.99884,19.16000,-2.46470,19.16000,0.46404
19.17273,19.17000,-29.02559,19.17000,-2.50778,19.17000,0.55214
19.18274,19.18000,-29.03643,19.18000,-2.51958,19.18000,0.65397
19.19274,19.19000,-29.03450,19.19000,-2.49512,19.19000,0.76525
19.20274,19.20000,-29.02413,19.20000,-2.43028,19.20000,0.88013
19.21274,19.21000,-29.01032,19.21000,-2.32211,19.21000,0.99150
19.22274,19.22000,-28.99819,19.22000,-2.16887,19.22000,1.09131
19.23274,19.23000,-28.99229,19.23000,-1.97013,19.23000,1.17114
19.24274,19.24000,-28.99605,19.24000,-1.72680,19.24000,1.22269
19.25275,19.25000,-29.01132,19.25000,-1.44116,19.25000,1.23838
19.26275,19.26000,-29.03810,19.26000,-1.11699,19.26000,1.21182
19.27275,19.27000,-29.07450,19.27000,-0.75975,19.27000,1.13828
19.28275,19.28000,-29.11687,19.28000,-0.37684,19.28000,1.01493
19.29275,19.29000,-29.16013,19.29000,0.02231,19.29000,0.84107
19.30275,19.30000,-29.19817,19.30000,0.42633,19.30000,0.61817
19.31275,19.31000,-29.22431,19.31000,0.82238,19.31000,0.34983
19.32275,19.32000,-29.23201,19.32000,1.19698,19.32000,0.04147
19.33276,19.33000,-29.21550,19.33000,1.53712,19.33000,-0.29995
19.34276,19.34000,-29.17071,19.34000,1.83141,19.34000,-0.66641
19.35276,19.35000,-29.09610,19.35000,2.07106,19.35000,-1.04928
19.36276,19.36000,-28.99343,19.36000,2.25047,19.36000,-1.43966
19.37276,19.37000,-28.86818,19.37000,2.36733,19.37000,-1.82866
19.38276,19.38000,-28.72937,19.38000,2.42245,19.38000,-2.20748
19.39276,19.39000,-28.58897,19.39000,2.41930,19.39000,-2.56748
19.40277,19.40000,-28.46077,19.40000,2.36352,19.40000,-2.90023
19.41277,19.41000,-28.35911,19.41000,2.26240,19.41000,-3.19764
19.42277,19.42000,-28.29751,19.42000,2.12444,19.42000,-3.45231
19.43277,19.43000,-28.28751,19.43000,1.95899,19.43000,-3.65801
19.44277,19.44000,-28.33777,19.44000,1.77581,19.44000,-3.81024
19.45277,19.45000,-28.45348,19.45000,1.58468,19.45000,-3.90676
19.46277,19.46000,-28.63615,19.46000,1.39495,19.46000,-3.94804
19.47278,19.47000,-28.88363,19.47000,1.21506,19.47000,-3.93735
19.48278,19.48000,-29.19045,19.48000,1.05209,19.48000,-3.88066
19.49278,19.49000,-29.54832,19.49000,0.91136,19.49000,-3.78613
19.50278,19.50000,-29.94673,19.50000,0.79622,19.50000,-3.66350
19.51278,19.51000,-30.37378,19.51000,0.70786,19.51000,-3.52329
19.52278,19.52000,-30.81692,19.52000,0.64543,19.52000,-3.37602
19.53278,19.53000,-31.26372,19.53000,0.60630,19.53000,-3.23148
19.54279,19.54000,-31.70258,19.54000,0.58650,19.54000,-3.09818
19.55279,19.55000,-32.12324,19.55000,0.58121,19.55000,-2.98287
19.56279,19.56000,-32.51716,19.56000,0.58526,19.56000,-2.89032
19.57279,19.57000,-32.87765,19.57000,0.59350,19.57000,-2.82326
19.58279,19.58000,-33.19997,19.58000,0.60105,19.58000,-2.78241
19.59279,19.59000,-33.48124,19.59000,0.60337,19.59000,-2.76684
19.60279,19.60000,-33.72035,19.60000,0.59632,19.60000,-2.77433
19.61280,19.61000,-33.91783,19.61000,0.57612,19.61000,-2.80188
19.62280,19.62000,-34.07573,19.62000,0.53945,19.62000,-2.84629
19.63280,19.63000,-34.19749,19.63000,0.48360,19.63000,-2.90457
19.64280,19.64000,-34.28777,19.64000,0.40667,19.64000,-2.97428
19.65280,19.65000,-34.35224,19.65000,0.30778,19.65000,-3.05376
19.66280,19.66000,-34.39739,19.66000,0.18723,19.66000,-3.14211
19.67280,19.67000,-34.43022,19.67000,0.04660,19.67000,-3.23912
19.68281,19.68000,-34.45797,19.68000,-0.11118,19.68000,-3.34505
19.69281,19.69000,-34.48792,19.69000,-0.28192,19.69000,-3.46030
19.70281,19.70000,-34.52700,19.70000,-0.46030,19.70000,-3.58512
19.71281,19.71000,-34.58165,19.71000,-0.64008,19.71000,-3.71927
19.72281,19.72000,-34.65748,19.72000,-0.81435,19.72000,-3.86176
19.73281,19.73000,-34.75911,19.73000,-0.97584,19.73000,-4.01060
19.74281,19.74000,-34.89005,19.74000,-1.11726,19.74000,-4.16271
19.75282,19.75000,-35.05258,19.75000,-1.23175,19.75000,-4.31387
19.76282,19.76000,-35.24770,19.76000,-1.31329,19.76000,-4.45883
19.77282,19.77000,-35.47520,19.77000,-1.35723,19.77000,-4.59153
19.78282,19.78000,-35.73371,19.78000,-1.36076,19.78000,-4.70546
19.79282,19.79000,-36.02079,19.79000,-1.32330,19.79000,-4.79411
19.80282,19.80000,-36.33305,19.80000,-1.24670,19.80000,-4.85151
19.81282,19.81000,-36.66631,19.81000,-1.13520,19.81000,-4.87268
19.82283,19.82000,-37.01567,19.82000,-0.99518,19.82000,-4.85409
19.83283,19.83000,-37.37571,19.83000,-0.83471,19.83000,-4.79398
19.84283,19.84000,-37.74070,19.84000,-0.66289,19.84000,-4.69250
19.85283,19.85000,-38.10473,19.85000,-0.48911,19.85000,-4.55173
19.86283,19.86000,-38.46191,19.86000,-0.32227,19.86000,-4.37549
19.87283,19.87000,-38.80639,19.87000,-0.17019,19.87000,-4.16911
19.88283,19.88000,-39.13221,19.88000,-0.03915,19.88000,-3.93893
19.89284,19.89000,-39.43308,19.89000,0.06631,19.89000,-3.69186
19.90284,19.90000,-39.70210,19.90000,0.14332,19.90000,-3.43488
19.91284,19.91000,-39.93173,19.91000,0.19060,19.91000,-3.17452
19.92284,19.92000,-40.11389,19.92000,0.20838,19.92000,-2.91650
19.93284,19.93000,-40.24045,19.93000,0.19835,19.93000,-2.66544
19.94284,19.94000,-40.30393,19.94000,0.16366,19.94000,-2.42473
19.95284,19.95000,-40.29826,19.95000,0.10882,19.95000,-2.19669
19.96285,19.96000,-40.21955,19.96000,0.03959,19.96000,-1.98268
19.97285,19.97000,-40.06656,19.97000,-0.03727,19.97000,-1.78351
19.98285,19.98000,-39.84102,19.98000,-0.11443,19.98000,-1.59971
19.99285,19.99000,-39.54758,19.99000,-0.18455,19.99000,-1.43179
20.00285,20.00000,-39.19348,20.00000,-0.24085,20.00000,-1.28035
20.01285,20.01000,-38.78802,20.01000,-0.27775,20.01000,-1.14608
20.02285,20.02000,-38.34190,20.02000,-0.29142,20.02000,-1.02959
20.03286,20.03000,-37.86659,20.03000,-0.28012,20.03000,-0.93126
20.04286,20.04000,-37.37367,20.04000,-0.24435,20.04000,-0.85100
20.05286,20.05000,-36.87439,20.05000,-0.18680,20.05000,-0.78814
20.06286,20.06000,-36.37922,20.06000,-0.11199,20.06000,-0.74139
20.07286,20.07000,-35.89758,20.07000,-0.02586,20.07000,-0.70885
20.08286,20.08000,-35.43756,20.08000,0.06485,20.08000,-0.68821
20.09286,20.09000,-35.00587,20.09000,0.15319,20.09000,-0.67682
20.10287,20.10000,-34.60766,20.10000,0.23257,20.10000,-0.67198
20.11287,20.11000,-34.24662,20.11000,0.29728,20.11000,-0.67112
20.12287,20.12000,-33.92498,20.12000,0.34293,20.12000,-0.67197
20.13287,20.13000,-33.64364,20.13000,0.36661,20.13000,-0.67274
20.14287,20.14000,-33.40231,20.14000,0.36698,20.14000,-0.67227
20.15287,20.15000,-33.19969,20.15000,0.34420,20.15000,-0.67009
20.16287,20.16000,-33.03350,20.16000,0.29965,20.16000,-0.66647
20.17288,20.17000,-32.90067,20.17000,0.23567,20.17000,-0.66229
20.18288,20.18000,-32.79737,20.18000,0.15521,20.18000,-0.65887
20.19288,20.19000,-32.71915,20.19000,0.06150,20.19000,-0.65770
20.20288,20.20000,-32.66108,20.20000,-0.04218,20.20000,-0.66009
20.21288,20.21000,-32.61789,20.21000,-0.15269,20.21000,-0.66696
20.22288,20.22000,-32.58413,20.22000,-0.26704,20.22000,-0.67855
20.23288,20.23000,-32.55442,20.23000,-0.38239,20.23000,-0.69436
20.24289,20.24000,-32.52353,20.24000,-0.49594,20.24000,-0.71313
20.25289,20.25000,-32.48653,20.25000,-0.60476,20.25000,-0.73296
20.26289,20.26000,-32.43895,20.26000,-0.70574,20.26000,-0.75146
20.27289,20.27000,-32.37684,20.27000,-0.79551,20.27000,-0.76595
20.28289,20.28000,-32.29684,20.28000,-0.87047,20.28000,-0.77371
20.29289,20.29000,-32.19635,20.29000,-0.92698,20.29000,-0.77218
20.30289,20.30000,-32.07354,20.30000,-0.96147,20.30000,-0.75916
20.31290,20.31000,-31.92753,20.31000,-0.97076,20.31000,-0.73294
20.32290,20.32000,-31.75841,20.32000,-0.95226,20.32000,-0.69246
20.33290,20.33000,-31.56730,20.33000,-0.90414,20.33000,-0.63734
20.34290,20.34000,-31.35630,20.34000,-0.82555,20.34000,-0.56796
20.35290,20.35000,-31.12837,20.35000,-0.71660,20.35000,-0.48548
20.36290,20.36000,-30.88709,20.36000,-0.57840,20.36000,-0.39180
20.37290,20.37000,-30.63632,20.37000,-0.41301,20.37000,-0.28954
20.38291,20.38000,-30.37980,20.38000,-0.22332,20.38000,-0.18201
20.39291,20.39000,-30.12083,20.39000,-0.01292,20.39000,-0.07306
20.40291,20.40000,-29.86195,20.40000,0.21394,20.40000,0.03301
20.41291,20.41000,-29.60478,20.41000,0.45242,20.41000,0.13163
20.42291,20.42000,-29.35001,20.42000,0.69714,20.42000,0.21814
20.43291,20.43000,-29.09740,20.43000,0.94210,20.43000,0.28795
20.44291,20.44000,-28.84590,20.44000,1.18072,20.44000,0.33672
20.45292,20.45000,-28.59377,20.45000,1.40595,20.45000,0.36053
20.46292,20.46000,-28.33872,20.46000,1.61052,20.46000,0.35597
20.47292,20.47000,-28.07820,20.47000,1.78734,20.47000,0.32034
20.48292,20.48000,-27.80969,20.48000,1.92996,20.48000,0.25164
20.49292,20.49000,-27.53127,20.49000,2.03302,20.49000,0.14876
20.50292,20.50000,-27.24209,20.50000,2.09260,20.50000,0.01147
20.51292,20.51000,-26.94276,20.51000,2.10649,20.51000,-0.15941
20.52293,20.52000,-26.63536,20.52000,2.07436,20.52000,-0.36186
20.53293,20.53000,-26.32329,20.53000,1.99779,20.53000,-0.59259
20.54293,20.54000,-26.01070,20.54000,1.88017,20.54000,-0.84687
20.55293,20.55000,-25.70198,20.55000,1.72649,20.55000,-1.11860
20.56293,20.56000,-25.40115,20.56000,1.54296,20.56000,-1.40049
20.57293,20.57000,-25.11144,20.57000,1.33660,20.57000,-1.68439
20.58293,20.58000,-24.83501,20.58000,1.11476,20.58000,-1.96181
20.59294,20.59000,-24.57292,20.59000,0.88466,20.59000,-2.22453
20.60294,20.60000,-24.32517,20.60000,0.65289,20.60000,-2.46521
20.61294,20.61000,-24.09092,20.61000,0.42507,20.61000,-2.67801
20.62294,20.62000,-23.86860,20.62000,0.20544,20.62000,-2.85898
20.63294,20.63000,-23.65617,20.63000,-0.00322,20.63000,-3.00625
20.64294,20.64000,-23.45125,20.64000,-0.19961,20.64000,-3.12003
20.65294,20.65000,-23.25125,20.65000,-0.38381,20.65000,-3.20233
20.66295,20.66000,-23.05351,20.66000,-0.55699,20.66000,-3.25666
20.67295,20.67000,-22.85531,20.67000,-0.72109,20.67000,-3.28751
20.68295,20.68000,-22.65399,20.68000,-0.87852,20.68000,-3.29987
20.69295,20.69000,-22.44694,20.69000,-1.03183,20.69000,-3.29879
20.70295,20.70000,-22.23169,20.70000,-1.18343,20.70000,-3.28895
20.71295,20.71000,-22.00594,20.71000,-1.33536,20.71000,-3.27442
20.72295,20.72000,-21.76770,20.72000,-1.48913,20.72000,-3.25834
20.73296,20.73000,-21.51530,20.73000,-1.64559,20.73000,-3.24294
20.74296,20.74000,-21.24752,20.74000,-1.80491,20.74000,-3.22950
20.75296,20.75000,-20.96360,20.75000,-1.96661,20.75000,-3.21848
20.76296,20.76000,-20.66326,20.76000,-2.12963,20.76000,-3.20971
20.77296,20.77000,-20.34662,20.77000,-2.29238,20.77000,-3.20268
20.78296,20.78000,-20.01410,20.78000,-2.45287,20.78000,-3.19675
20.79296,20.79000,-19.66629,20.79000,-2.60868,20.79000,-3.19144
20.80297,20.80000,-19.30376,20.80000,-2.75707,20.80000,-3.18666
20.81297,20.81000,-18.92688,20.81000,-2.89487,20.81000,-3.18278
20.82297,20.82000,-18.53567,20.82000,-3.01858,20.82000,-3.18078
20.83297,20.83000,-18.12969,20.83000,-3.12424,20.83000,-3.18216
20.84297,20.84000,-17.70795,20.84000,-3.20760,20.84000,-3.18886
20.85297,20.85000,-17.26895,20.85000,-3.26413,20.85000,-3.20309
20.86297,20.86000,-16.81075,20.86000,-3.28925,20.86000,-3.22712
20.87298,20.87000,-16.33116,20.87000,-3.27855,20.87000,-3.26302
20.88298,20.88000,-15.82798,20.88000,-3.22803,20.88000,-3.31249
20.89298,20.89000,-15.29932,20.89000,-3.13438,20.89000,-3.37653
20.90298,20.90000,-14.74387,20.90000,-2.99522,20.90000,-3.45539
20.91298,20.91000,-14.16123,20.91000,-2.80932,20.91000,-3.54837
20.92298,20.92000,-13.55214,20.92000,-2.57680,20.92000,-3.65377
20.93298,20.93000,-12.91864,20.93000,-2.29927,20.93000,-3.76896
20.94299,20.94000,-12.26410,20.94000,-1.97987,20.94000,-3.89038
20.95299,20.95000,-11.59317,20.95000,-1.62337,20.95000,-4.01369
20.96299,20.96000,-10.91156,20.96000,-1.23603,20.96000,-4.13395
20.97299,20.97000,-10.22572,20.97000,-0.82550,20.97000,-4.24582
20.98299,20.98000,-9.54236,20.98000,-0.40058,20.98000,-4.34390
20.99299,20.99000,-8.86794,20.99000,0.02915,20.99000,-4.42298
21.00299,21.00000,-8.20804,21.00000,0.45368,21.00000,-4.47847
21.01300,21.01000,-7.56685,21.01000,0.86316,21.01000,-4.50667
21.02300,21.02000,-6.94665,21.02000,1.24835,21.02000,-4.50512
21.03300,21.03000,-6.34754,21.03000,1.60117,21.03000,-4.47271
21.04300,21.04000,-5.76737,21.04000,1.91518,21.04000,-4.40983
21.05300,21.05000,-5.20179,21.05000,2.18595,21.05000,-4.31823
21.06300,21.06000,-4.64461,21.06000,2.41134,21.06000,-4.20094
21.07300,21.07000,-4.08813,21.07000,2.59159,21.07000,-4.06199
21.08301,21.08000,-3.52364,21.08000,2.72919,21.08000,-3.90621
21.09301,21.09000,-2.94188,21.09000,2.82854,21.09000,-3.73895
21.10301,21.10000,-2.33356,21.10000,2.89549,21.10000,-3.56585
21.11301,21.11000,-1.68979,21.11000,2.93678,21.11000,-3.39261
21.12301,21.12000,-1.00251,21.12000,2.95939,21.12000,-3.22473
21.13301,21.13000,-0.26475,21.13000,2.97002,21.13000,-3.06730
21.14301,21.14000,0.52905,21.14000,2.97457,21.14000,-2.92477
21.15302,21.15000,1.38288,21.15000,2.97782,21.15000,-2.80072
21.16302,21.16000,2.29905,21.16000,2.98316,21.16000,-2.69772
21.17302,21.17000,3.27810,21.17000,2.99249,21.17000,-2.61725
21.18302,21.18000,4.31882,21.18000,3.00624,21.18000,-2.55981
21.19302,21.19000,5.41834,21.19000,3.02349,21.19000,-2.52494
21.20302,21.20000,6.57236,21.20000,3.04216,21.20000,-2.51152
21.21302,21.21000,7.77535,21.21000,3.05926,21.21000,-2.51788
21.22303,21.22000,9.02090,21.22000,3.07124,21.22000,-2.54200
21.23303,21.23000,10.30205,21.23000,3.07425,21.23000,-2.58162
21.24303,21.24000,11.61157,21.24000,3.06450,21.24000,-2.63426
21.25303,21.25000,12.94224,21.25000,3.03846,21.25000,-2.69732
21.26303,21.26000,14.28715,21.26000,2.99310,21.26000,-2.76807
21.27303,21.27000,15.63980,21.27000,2.92605,21.27000,-2.84369
21.28303,21.28000,16.99435,21.28000,2.83568,21.28000,-2.92136
21.29304,21.29000,18.34570,21.29000,2.72118,21.29000,-2.99830
21.30304,21.30000,19.68964,21.30000,2.58256,21.30000,-3.07187
21.31304,21.31000,21.02292,21.31000,2.42066,21.31000,-3.13968
21.32304,21.32000,22.34329,21.32000,2.23711,21.32000,-3.19963
21.33304,21.33000,23.64963,21.33000,2.03420,21.33000,-3.25010
21.34304,21.34000,24.94190,21.34000,1.81486,21.34000,-3.28992
21.35304,21.35000,26.22118,21.35000,1.58250,21.35000,-3.31853
21.36305,21.36000,27.48958,21.36000,1.34094,21.36000,-3.33595
21.37305,21.37000,28.75014,21.37000,1.09428,21.37000,-3.34284
21.38305,21.38000,30.00668,21.38000,0.84678,21.38000,-3.34047
21.39305,21.39000,31.26358,21.39000,0.60275,21.39000,-3.33070
21.40305,21.40000,32.52550,21.40000,0.36636,21.40000,-3.31588
21.41305,21.41000,33.79712,21.41000,0.14146,21.41000,-3.29875
21.42305,21.42000,35.08270,21.42000,-0.06860,21.42000,-3.28224
21.43306,21.43000,36.38579,21.43000,-0.26123,21.43000,-3.26925
21.44306,21.44000,37.70871,21.44000,-0.43486,21.44000,-3.26232
21.45306,21.45000,39.05222,21.45000,-0.58911,21.45000,-3.26333
21.46306,21.46000,40.41506,21.46000,-0.72496,21.46000,-3.27320
21.47306,21.47000,41.79374,21.47000,-0.84478,21.47000,-3.29167
21.48306,21.48000,43.18243,21.48000,-0.95223,21.48000,-3.31719
21.49306,21.49000,44.57314,21.49000,-1.05207,21.49000,-3.34701
21.50307,21.50000,45.95612,21.50000,-1.14972,21.50000,-3.37746
21.51307,21.51000,47.32062,21.51000,-1.25093,21.51000,-3.40437
21.52307,21.52000,48.65578,21.52000,-1.36125,21.52000,-3.42363
21.53307,21.53000,49.95169,21.53000,-1.48564,21.53000,-3.43179
21.54307,21.54000,51.20038,21.54000,-1.62814,21.54000,-3.42656
21.55307,21.55000,52.39660,21.55000,-1.79161,21.55000,-3.40722
21.56307,21.56000,53.53837,21.56000,-1.97759,21.56000,-3.37492
21.57308,21.57000,54.62723,21.57000,-2.18631,21.57000,-3.33259
21.58308,21.58000,55.66814,21.58000,-2.41669,21.58000,-3.28485
21.59308,21.59000,56.66915,21.59000,-2.66655,21.59000,-3.23751
21.60308,21.60000,57.64085,21.60000,-2.93282,21.60000,-3.19699
21.61308,21.61000,58.59565,21.61000,-3.21180,21.61000,-3.16961
21.62308,21.62000,59.54696,21.62000,-3.49946,21.62000,-3.16092
21.63308,21.63000,60.50835,21.63000,-3.79176,21.63000,-3.17503
21.64309,21.64000,61.49271,21.64000,-4.08483,21.64000,-3.21421
21.65309,21.65000,62.51150,21.65000,-4.37520,21.65000,-3.27867
21.66309,21.66000,63.57419,21.66000,-4.65988,21.66000,-3.36664
21.67309,21.67000,64.68783,21.67000,-4.93645,21.67000,-3.47459
21.68309,21.68000,65.85683,21.68000,-5.20306,21.68000,-3.59766
21.69309,21.69000,67.08301,21.69000,-5.45841,21.69000,-3.73017
21.70309,21.70000,68.36562,21.70000,-5.70170,21.70000,-3.86610
21.71310,21.71000,69.70167,21.71000,-5.93252,21.71000,-3.99952
21.72310,21.72000,71.08625,21.72000,-6.15074,21.72000,-4.12500
21.73310,21.73000,72.51289,21.73000,-6.35639,21.73000,-4.23781
21.74310,21.74000,73.97392,21.74000,-6.54949,21.74000,-4.33417
21.75310,21.75000,75.46092,21.75000,-6.72993,21.75000,-4.41129
21.76310,21.76000,76.96500,21.76000,-6.89737,21.76000,-4.46736
21.77310,21.77000,78.47725,21.77000,-7.05118,21.77000,-4.50155
21.78311,21.78000,79.98894,21.78000,-7.19045,21.78000,-4.51385
21.79311,21.79000,81.49184,21.79000,-7.31405,21.79000,-4.50499
21.80311,21.80000,82.97842,21.80000,-7.42074,21.80000,-4.47625
21.81311,21.81000,84.44199,21.81000,-7.50939,21.81000,-4.42932
21.82311,21.82000,85.87682,21.82000,-7.57914,21.82000,-4.36616
21.83311,21.83000,87.27814,21.83000,-7.62963,21.83000,-4.28892
21.84311,21.84000,88.64217,21.84000,-7.66107,21.84000,-4.19976
21.85312,21.85000,89.96606,21.85000,-7.67437,21.85000,-4.10088
21.86312,21.86000,91.24782,21.86000,-7.67111,21.86000,-3.99441
21.87312,21.87000,92.48624,21.87000,-7.65346,21.87000,-3.88238
21.88312,21.88000,93.68086,21.88000,-7.62407,21.88000,-3.76674
21.89312,21.89000,94.83193,21.89000,-7.58586,21.89000,-3.64931
21.90312,21.90000,95.94037,21.90000,-7.54186,21.90000,-3.53180
21.91312,21.91000,97.00778,21.91000,-7.49502,21.91000,-3.41580
21.92313,21.92000,98.03650,21.92000,-7.44801,21.92000,-3.30274
21.93313,21.93000,99.02954,21.93000,-7.40312,21.93000,-3.19385
21.94313,21.94000,99.99056,21.94000,-7.36213,21.94000,-3.09009
21.95313,21.95000,100.92378,21.95000,-7.32622,21.95000,-2.99207
21.96313,21.96000,101.83369,21.96000,-7.29599,21.96000,-2.89997
21.97313,21.97000,102.72490,21.97000,-7.27142,21.97000,-2.81350
21.98313,21.98000,103.60171,21.98000,-7.25200,21.98000,-2.73194
21.99314,21.99000,104.46789,21.99000,-7.23677,21.99000,-2.65420
22.00314,22.00000,105.32632,22.00000,-7.22449,22.00000,-2.57895
22.01314,22.01000,106.17882,22.01000,-7.21370,22.01000,-2.50484
22.02314,22.02000,107.02595,22.02000,-7.20285,22.02000,-2.43071
22.03314,22.03000,107.86705,22.03000,-7.19037,22.03000,-2.35571
22.04314,22.04000,108.70029,22.04000,-7.17473,22.04000,-2.27950
22.05314,22.05000,109.52290,22.05000,-7.15451,22.05000,-2.20230
22.06315,22.06000,110.33134,22.06000,-7.12846,22.06000,-2.12485
22.07315,22.07000,111.12167,22.07000,-7.09557,22.07000,-2.04829
22.08315,22.08000,111.88985,22.08000,-7.05510,22.08000,-1.97408
22.09315,22.09000,112.63200,22.09000,-7.00666,22.09000,-1.90367
22.10315,22.10000,113.34474,22.10000,-6.95021,22.10000,-1.83836
22.11315,22.11000,114.02539,22.11000,-6.88613,22.11000,-1.77908
22.12315,22.12000,114.67211,22.12000,-6.81516,22.12000,-1.72620
22.13316,22.13000,115.28403,22.13000,-6.73839,22.13000,-1.67949
22.14316,22.14000,115.86119,22.14000,-6.65714,22.14000,-1.63815
22.15316,22.15000,116.40453,22.15000,-6.57291,22.15000,-1.60087
22.16316,22.16000,116.91575,22.16000,-6.48722,22.16000,-1.56610
22.17316,22.17000,117.39722,22.17000,-6.40149,22.17000,-1.53218
22.18316,22.18000,117.85187,22.18000,-6.31698,22.18000,-1.49771
22.19316,22.19000,118.28311,22.19000,-6.23471,22.19000,-1.46170
22.20317,22.20000,118.69471,22.20000,-6.15540,22.20000,-1.42378
22.21317,22.21000,119.09074,22.21000,-6.07947,22.21000,-1.38430
22.22317,22.22000,119.47542,22.22000,-6.00705,22.22000,-1.34434
22.23317,22.23000,119.85307,22.23000,-5.93802,22.23000,-1.30558
22.24317,22.24000,120.22791,22.24000,-5.87205,22.24000,-1.27013
22.25317,22.25000,120.60387,22.25000,-5.80864,22.25000,-1.24036
22.26317,22.26000,120.98447,22.26000,-5.74721,22.26000,-1.21862
22.27318,22.27000,121.37263,22.27000,-5.68713,22.27000,-1.20708
22.28318,22.28000,121.77057,22.28000,-5.62787,22.28000,-1.20755
22.29318,22.29000,122.17974,22.29000,-5.56906,22.29000,-1.22136
22.30318,22.30000,122.60082,22.30000,-5.51061,22.30000,-1.24931
22.31318,22.31000,123.03378,22.31000,-5.45277,22.31000,-1.29164
22.32318,22.32000,123.47795,22.32000,-5.39616,22.32000,-1.34801
22.33318,22.33000,123.93218,22.33000,-5.34169,22.33000,-1.41753
22.34319,22.34000,124.39494,22.34000,-5.29049,22.34000,-1.49878
22.35319,22.35000,124.86453,22.35000,-5.24374,22.35000,-1.58984
22.36319,22.36000,125.33918,22.36000,-5.20253,22.36000,-1.68833
22.37319,22.37000,125.81722,22.37000,-5.16771,22.37000,-1.79147
22.38319,22.38000,126.29719,22.38000,-5.13983,22.38000,-1.89607
22.39319,22.39000,126.77791,22.39000,-5.11898,22.39000,-1.99871
22.40319,22.40000,127.25854,22.40000,-5.10483,22.40000,-2.09574
22.41320,22.41000,127.73860,22.41000,-5.09658,22.41000,-2.18349
22.42320,22.42000,128.21800,22.42000,-5.09301,22.42000,-2.25843
22.43320,22.43000,128.69696,22.43000,-5.09250,22.43000,-2.31737
22.44320,22.44000,129.17601,22.44000,-5.09308,22.44000,-2.35767
22.45320,22.45000,129.65601,22.45000,-5.09256,22.45000,-2.37750
22.46320,22.46000,130.13800,22.46000,-5.08852,22.46000,-2.37598
22.47320,22.47000,130.62331,22.47000,-5.07852,22.47000,-2.35335
22.48321,22.48000,131.11343,22.48000,-5.06019,22.48000,-2.31098
22.49321,22.49000,131.61006,22.49000,-5.03140,22.49000,-2.25138
22.50321,22.50000,132.11499,22.50000,-4.99042,22.50000,-2.17798
22.51321,22.51000,132.63011,22.51000,-4.93614,22.51000,-2.09499
22.52321,22.52000,133.15720,22.52000,-4.86820,22.52000,-2.00699
22.53321,22.53000,133.69786,22.53000,-4.78715,22.53000,-1.91872
22.54321,22.54000,134.25334,22.54000,-4.69453,22.54000,-1.83467
22.55322,22.55000,134.82430,22.55000,-4.59286,22.55000,-1.75884
22.56322,22.56000,135.41066,22.56000,-4.48550,22.56000,-1.69455
22.57322,22.57000,136.01143,22.57000,-4.37651,22.57000,-1.64430
22.58322,22.58000,136.62457,22.58000,-4.27026,22.58000,-1.60971
22.59322,22.59000,137.24701,22.59000,-4.17114,22.59000,-1.59163
22.60322,22.60000,137.87457,22.60000,-4.08317,22.60000,-1.59017
22.61322,22.61000,138.50215,22.61000,-4.00963,22.61000,-1.60481
22.62323,22.62000,139.12390,22.62000,-3.95283,22.62000,-1.63453
22.63323,22.63000,139.73352,22.63000,-3.91397,22.63000,-1.67783
22.64323,22.64000,140.32449,22.64000,-3.89304,22.64000,-1.73287
22.65323,22.65000,140.89032,22.65000,-3.88899,22.65000,-1.79753
22.66323,22.66000,141.42491,22.66000,-3.89988,22.66000,-1.86950
22.67323,22.67000,141.92273,22.67000,-3.92323,22.67000,-1.94642
22.68323,22.68000,142.37907,22.68000,-3.95632,22.68000,-2.02599
22.69324,22.69000,142.79034,22.69000,-3.99649,22.69000,-2.10613
22.70324,22.70000,143.15419,22.70000,-4.04141,22.70000,-2.18510
22.71324,22.71000,143.46976,22.71000,-4.08924,22.71000,-2.26158
22.72324,22.72000,143.73773,22.72000,-4.13867,22.72000,-2.33476
22.73324,22.73000,143.96040,22.73000,-4.18890,22.73000,-2.40431
22.74324,22.74000,144.14165,22.74000,-4.23956,22.74000,-2.47038
22.75324,22.75000,144.28680,22.75000,-4.29050,22.75000,-2.53346
22.76325,22.76000,144.40242,22.76000,-4.34162,22.76000,-2.59427
22.77325,22.77000,144.49597,22.77000,-4.39260,22.77000,-2.65357
22.78325,22.78000,144.57549,22.78000,-4.44265,22.78000,-2.71210
22.79325,22.79000,144.64905,22.79000,-4.49036,22.79000,-2.77037
22.80325,22.80000,144.72438,22.80000,-4.53352,22.80000,-2.82866
22.81325,22.81000,144.80838,22.81000,-4.56907,22.81000,-2.88693
22.82325,22.82000,144.90669,22.82000,-4.59311,22.82000,-2.94483
22.83326,22.83000,145.02338,22.83000,-4.60104,22.83000,-3.00173
22.84326,22.84000,145.16051,22.84000,-4.58775,22.84000,-3.05670
22.85326,22.85000,145.31812,22.85000,-4.54792,22.85000,-3.10863
22.86326,22.86000,145.49405,22.86000,-4.47635,22.86000,-3.15624
22.87326,22.87000,145.68401,22.87000,-4.36836,22.87000,-3.19819
22.88326,22.88000,145.88182,22.88000,-4.22017,22.88000,-3.23327
22.89326,22.89000,146.07982,22.89000,-4.02925,22.89000,-3.26049
22.90327,22.90000,146.26932,22.90000,-3.79460,22.90000,-3.27937
22.91327,22.91000,146.44148,22.91000,-3.51701,22.91000,-3.29011
22.92327,22.92000,146.58817,22.92000,-3.19911,22.92000,-3.29377
22.93327,22.93000,146.70288,22.93000,-2.84555,22.93000,-3.29236
22.94327,22.94000,146.78175,22.94000,-2.46292,22.94000,-3.28883
22.95327,22.95000,146.82413,22.95000,-2.05971,22.95000,-3.28698
22.96327,22.96000,146.83281,22.96000,-1.64622,22.96000,-3.29123
22.97328,22.97000,146.81386,22.97000,-1.23425,22.97000,-3.30637
22.98328,22.98000,146.77591,22.98000,-0.83668,22.98000,-3.33722
22.99328,22.99000,146.72899,22.99000,-0.46686,22.99000,-3.38815
23.00328,23.00000,146.68318,23.00000,-0.13779,23.00000,-3.46268
23.01328,23.01000,146.64716,23.01000,0.13867,23.01000,-3.56298
23.02328,23.02000,146.62689,23.02000,0.35254,23.02000,-3.68956
23.03328,23.03000,146.62483,23.03000,0.49634,23.03000,-3.84098
23.04329,23.04000,146.63963,23.04000,0.56555,23.04000,-4.01371
23.05329,23.05000,146.66646,23.05000,0.55891,23.05000,-4.20211
23.06329,23.06000,146.69763,23.06000,0.47843,23.06000,-4.39859
23.07329,23.07000,146.72353,23.07000,0.32939,23.07000,-4.59402
23.08329,23.08000,146.73354,23.08000,0.11993,23.08000,-4.77833
23.09329,23.09000,146.71704,23.09000,-0.13943,23.09000,-4.94136
23.10329,23.10000,146.66434,23.10000,-0.43639,23.10000,-5.07373
23.11330,23.11000,146.56732,23.11000,-0.75767,23.11000,-5.16779
23.12330,23.12000,146.42015,23.12000,-1.08959,23.12000,-5.21831
23.13330,23.13000,146.21951,23.13000,-1.41875,23.13000,-5.22297
23.14330,23.14000,145.96492,23.14000,-1.73258,23.14000,-5.18250
23.15330,23.15000,145.65859,23.15000,-2.01985,23.15000,-5.10053
23.16330,23.16000,145.30541,23.16000,-2.27126,23.16000,-4.98322
23.17330,23.17000,144.91257,23.17000,-2.47983,23.17000,-4.83862
23.18331,23.18000,144.48924,23.18000,-2.64132,23.18000,-4.67600
23.19331,23.19000,144.04614,23.19000,-2.75432,23.19000,-4.50509
23.20331,23.20000,143.59494,23.20000,-2.82023,23.20000,-4.33532
23.21331,23.21000,143.14777,23.21000,-2.84295,23.21000,-4.17523
23.22331,23.22000,142.71657,23.22000,-2.82840,23.22000,-4.03186
23.23331,23.23000,142.31256,23.23000,-2.78406,23.23000,-3.91041
23.24331,23.24000,141.94580,23.24000,-2.71842,23.24000,-3.81405
23.25332,23.25000,141.62473,23.25000,-2.64053,23.25000,-3.74391
23.26332,23.26000,141.35588,23.26000,-2.55959,23.26000,-3.69931
23.27332,23.27000,141.14366,23.27000,-2.48458,23.27000,-3.67810
23.28332,23.28000,140.99020,23.28000,-2.42381,23.28000,-3.67707
23.29332,23.29000,140.89536,23.29000,-2.38451,23.29000,-3.69244
23.30332,23.30000,140.85666,23.30000,-2.37237,23.30000,-3.72018
23.31332,23.31000,140.86949,23.31000,-2.39115,23.31000,-3.75634
23.32333,23.32000,140.92729,23.32000,-2.44245,23.32000,-3.79719
23.33333,23.33000,141.02177,23.33000,-2.52559,23.33000,-3.83946
23.34333,23.34000,141.14331,23.34000,-2.63764,23.34000,-3.88038
23.35333,23.35000,141.28124,23.35000,-2.77366,23.35000,-3.91777
23.36333,23.36000,141.42429,23.36000,-2.92697,23.36000,-3.95013
23.37333,23.37000,141.56110,23.37000,-3.08959,23.37000,-3.97658
23.38333,23.38000,141.68063,23.38000,-3.25268,23.38000,-3.99692
23.39334,23.39000,141.77268,23.39000,-3.40708,23.39000,-4.01157
23.40334,23.40000,141.82831,23.40000,-3.54375,23.40000,-4.02143
23.41334,23.41000,141.84039,23.41000,-3.65424,23.41000,-4.02783
23.42334,23.42000,141.80383,23.42000,-3.73105,23.42000,-4.03225
23.43334,23.43000,141.71603,23.43000,-3.76801,23.43000,-4.03611
23.44334,23.44000,141.57698,23.44000,-3.76064,23.44000,-4.04049
23.45334,23.45000,141.38948,23.45000,-3.70636,23.45000,-4.04590
23.46335,23.46000,141.15898,23.46000,-3.60486,23.46000,-4.05201
23.47335,23.47000,140.89348,23.47000,-3.45817,23.47000,-4.05757
23.48335,23.48000,140.60303,23.48000,-3.27071,23.48000,-4.06036
23.49335,23.49000,140.29923,23.49000,-3.04909,23.49000,-4.05728
23.50335,23.50000,139.99452,23.50000,-2.80177,23.50000,-4.04448
23.51335,23.51000,139.70139,23.51000,-2.53853,23.51000,-4.01772
23.52335,23.52000,139.43164,23.52000,-2.26988,23.52000,-3.97266
23.53336,23.53000,139.19563,23.53000,-2.00625,23.53000,-3.90532
23.54336,23.54000,139.00165,23.54000,-1.75729,23.54000,-3.81243
23.55336,23.55000,138.85576,23.55000,-1.53116,23.55000,-3.69181
23.56336,23.56000,138.76172,23.56000,-1.33410,23.56000,-3.54261
23.57336,23.57000,138.72141,23.57000,-1.17021,23.57000,-3.36539
23.58336,23.58000,138.73534,23.58000,-1.04152,23.58000,-3.16208
23.59336,23.59000,138.80324,23.59000,-0.94810,23.59000,-2.93585
23.60337,23.60000,138.92438,23.60000,-0.88830,23.60000,-2.69073
23.61337,23.61000,139.09779,23.61000,-0.85904,23.61000,-2.43137
23.62337,23.62000,139.32222,23.62000,-0.85607,23.62000,-2.16274
23.63337,23.63000,139.59602,23.63000,-0.87425,23.63000,-1.89003
23.64337,23.64000,139.91704,23.64000,-0.90782,23.64000,-1.61850
23.65337,23.65000,140.28250,23.65000,-0.95077,23.65000,-1.35347
23.66337,23.66000,140.68903,23.66000,-0.99711,23.66000,-1.10025
23.67338,23.67000,141.13269,23.67000,-1.04131,23.67000,-0.86393
23.68338,23.68000,141.60912,23.68000,-1.07856,23.68000,-0.64922
23.69338,23.69000,142.11360,23.69000,-1.10517,23.69000,-0.46013
23.70338,23.70000,142.64122,23.70000,-1.11871,23.70000,-0.29973
23.71338,23.71000,143.18697,23.71000,-1.11822,23.71000,-0.16992
23.72338,23.72000,143.74574,23.72000,-1.10415,23.72000,-0.07127
23.73338,23.73000,144.31245,23.73000,-1.07832,23.73000,-0.00303
23.74339,23.74000,144.88197,23.74000,-1.04365,23.74000,0.03685
23.75339,23.75000,145.44923,23.75000,-1.00390,23.75000,0.05151
23.76339,23.76000,146.00909,23.76000,-0.96321,23.76000,0.04498
23.77339,23.77000,146.55643,23.77000,-0.92575,23.77000,0.02188
23.78339,23.78000,147.08606,23.78000,-0.89524,23.78000,-0.01289
23.79339,23.79000,147.59279,23.79000,-0.87465,23.79000,-0.05449
23.80339,23.80000,148.07144,23.80000,-0.86594,23.80000,-0.09847
23.81340,23.81000,148.51704,23.81000,-0.87001,23.81000,-0.14105
23.82340,23.82000,148.92502,23.82000,-0.88677,23.82000,-0.17929
23.83340,23.83000,149.29138,23.83000,-0.91536,23.83000,-0.21125
23.84340,23.84000,149.61301,23.84000,-0.95443,23.84000,-0.23587
23.85340,23.85000,149.88791,23.85000,-1.00246,23.85000,-0.25294
23.86340,23.86000,150.11525,23.86000,-1.05801,23.86000,-0.26289
23.87340,23.87000,150.29556,23.87000,-1.11990,23.87000,-0.26654
23.88341,23.88000,150.43063,23.88000,-1.18731,23.88000,-0.26491
23.89341,23.89000,150.52345,23.89000,-1.25964,23.89000,-0.25900
23.90341,23.90000,150.57805,23.90000,-1.33642,23.90000,-0.24967
23.91341,23.91000,150.59924,23.91000,-1.41698,23.91000,-0.23748
23.92341,23.92000,150.59259,23.92000,-1.50020,23.92000,-0.22267
23.93341,23.93000,150.56403,23.93000,-1.58424,23.93000,-0.20516
23.94341,23.94000,150.51975,23.94000,-1.66639,23.94000,-0.18458
23.95342,23.95000,150.46593,23.95000,-1.74304,23.95000,-0.16032
23.96342,23.96000,150.40848,23.96000,-1.80974,23.96000,-0.13163
23.97342,23.97000,150.35278,23.97000,-1.86149,23.97000,-0.09772
23.98342,23.98000,150.30335,23.98000,-1.89305,23.98000,-0.05789
23.99342,23.99000,150.26344,23.99000,-1.89933,23.99000,-0.01165
24.00342,24.00000,150.23474,24.00000,-1.87577,24.00000,0.04108
24.01342,24.01000,150.21700,24.01000,-1.81870,24.01000,0.09981
24.02343,24.02000,150.20792,24.02000,-1.72559,24.02000,0.16330
24.03343,24.03000,150.20308,24.03000,-1.59512,24.03000,0.22939
24.04343,24.04000,150.19635,24.04000,-1.42727,24.04000,0.29501
24.05343,24.05000,150.18047,24.05000,-1.22317,24.05000,0.35619
24.06343,24.06000,150.14783,24.06000,-0.98504,24.06000,0.40819
24.07343,24.07000,150.09149,24.07000,-0.71612,24.07000,0.44578
24.08343,24.08000,150.00623,24.08000,-0.42067,24.08000,0.46350
24.09344,24.09000,149.88924,24.09000,-0.10410,24.09000,0.45595
24.10344,24.10000,149.74072,24.10000,0.22687,24.10000,0.41818
24.11344,24.11000,149.56410,24.11000,0.56411,24.11000,0.34591
24.12344,24.12000,149.36575,24.12000,0.89813,24.12000,0.23592
24.13344,24.13000,149.15448,24.13000,1.21837,24.13000,0.08622
24.14344,24.14000,148.94060,24.14000,1.51377,24.14000,-0.10367
24.15344,24.15000,148.73473,24.15000,1.77353,24.15000,-0.33266
24.16345,24.16000,148.54656,24.16000,1.98786,24.16000,-0.59805
24.17345,24.17000,148.38358,24.17000,2.14858,24.17000,-0.89560
24.18345,24.18000,148.25014,24.18000,2.24960,24.18000,-1.21965
24.19345,24.19000,148.14699,24.19000,2.28706,24.19000,-1.56322
24.20345,24.20000,148.07123,24.20000,2.25947,24.20000,-1.91815
24.21345,24.21000,148.01685,24.21000,2.16771,24.21000,-2.27525
24.22345,24.22000,147.97546,24.22000,2.01496,24.22000,-2.62452
24.23346,24.23000,147.93732,24.23000,1.80668,24.23000,-2.95557
24.24346,24.24000,147.89215,24.24000,1.55041,24.24000,-3.25819
24.25346,24.25000,147.83017,24.25000,1.25555,24.25000,-3.52311
24.26346,24.26000,147.74274,24.26000,0.93298,24.26000,-3.74280
24.27346,24.27000,147.62293,24.27000,0.59460,24.27000,-3.91215
24.28346,24.28000,147.46585,24.28000,0.25271,24.28000,-4.02899
24.29346,24.29000,147.26906,24.29000,-0.08059,24.29000,-4.09418
24.30346,24.30000,147.03256,24.30000,-0.39413,24.30000,-4.11148
24.31347,24.31000,146.75894,24.31000,-0.67826,24.31000,-4.08702
24.32347,24.32000,146.45313,24.32000,-0.92542,24.32000,-4.02867
24.33347,24.33000,146.12224,24.33000,-1.13049,24.33000,-3.94521
24.34347,24.34000,145.77510,24.34000,-1.29104,24.34000,-3.84561
24.35347,24.35000,145.42178,24.35000,-1.40728,24.35000,-3.73831
24.36347,24.36000,145.07303,24.36000,-1.48190,24.36000,-3.63069
24.37347,24.37000,144.73973,24.37000,-1.51985,24.37000,-3.52865
24.38348,24.38000,144.43234,24.38000,-1.52791,24.38000,-3.43640
24.39348,24.39000,144.16042,24.39000,-1.51441,24.39000,-3.35643
24.40348,24.40000,143.93205,24.40000,-1.48868,24.40000,-3.28974
24.41348,24.41000,143.75345,24.41000,-1.46058,24.41000,-3.23616
24.42348,24.42000,143.62843,24.42000,-1.43979,24.42000,-3.19469
24.43348,24.43000,143.55817,24.43000,-1.43507,24.43000,-3.16394
24.44348,24.44000,143.54092,24.44000,-1.45353,24.44000,-3.14243
24.45349,24.45000,143.57221,24.45000,-1.50010,24.45000,-3.12876
24.46349,24.46000,143.64485,24.46000,-1.57712,24.46000,-3.12182
24.47349,24.47000,143.74953,24.47000,-1.68425,24.47000,-3.12083
24.48349,24.48000,143.87517,24.48000,-1.81847,24.48000,-3.12537
24.49349,24.49000,144.00969,24.49000,-1.97436,24.49000,-3.13536
24.50349,24.50000,144.14061,24.50000,-2.14450,24.50000,-3.15093
24.51349,24.51000,144.25586,24.51000,-2.31995,24.51000,-3.17234
24.52350,24.52000,144.34447,24.52000,-2.49081,24.52000,-3.19984
24.53350,24.53000,144.39720,24.53000,-2.64690,24.53000,-3.23339
24.54350,24.54000,144.40726,24.54000,-2.77828,24.54000,-3.27255
24.55350,24.55000,144.37062,24.55000,-2.87589,24.55000,-3.31618
24.56350,24.56000,144.28644,24.56000,-2.93207,24.56000,-3.36229
24.57350,24.57000,144.15709,24.57000,-2.94110,24.57000,-3.40789
24.58350,24.58000,143.98810,24.58000,-2.89972,24.58000,-3.44905
24.59351,24.59000,143.78769,24.59000,-2.80749,24.59000,-3.48103
24.60351,24.60000,143.56606,24.60000,-2.66712,24.60000,-3.49868
24.61351,24.61000,143.33458,24.61000,-2.48442,24.61000,-3.49680
24.62351,24.62000,143.10468,24.62000,-2.26805,24.62000,-3.47068
24.63351,24.63000,142.88693,24.63000,-2.02890,24.63000,-3.41654
24.64351,24.64000,142.69029,24.64000,-1.77919,24.64000,-3.33183
24.65351,24.65000,142.52161,24.65000,-1.53147,24.65000,-3.21547
24.66352,24.66000,142.38547,24.66000,-1.29757,24.66000,-3.06786
24.67352,24.67000,142.28456,24.67000,-1.08781,24.67000,-2.89083
24.68352,24.68000,142.22029,24.68000,-0.91042,24.68000,-2.68743
24.69352,24.69000,142.19367,24.69000,-0.77134,24.69000,-2.46158
24.70352,24.70000,142.20599,24.70000,-0.67420,24.70000,-2.21777
24.71352,24.71000,142.25934,24.71000,-0.62045,24.71000,-1.96061
24.72352,24.72000,142.35652,24.72000,-0.60957,24.72000,-1.69464
24.73353,24.73000,142.50078,24.73000,-0.63927,24.73000,-1.42415
24.74353,24.74000,142.69518,24.74000,-0.70565,24.74000,-1.15325
24.75353,24.75000,142.94197,24.75000,-0.80346,24.75000,-0.88602
24.76353,24.76000,143.24199,24.76000,-0.92637,24.76000,-0.62673
24.77353,24.77000,143.59430,24.77000,-1.06733,24.77000,-0.37990
24.78353,24.78000,143.99608,24.78000,-1.21900,24.78000,-0.15033
24.79353,24.79000,144.44261,24.79000,-1.37412,24.79000,0.05718
24.80354,24.80000,144.92763,24.80000,-1.52598,24.80000,0.23820
24.81354,24.81000,145.44373,24.81000,-1.66871,24.81000,0.38910
24.82354,24.82000,145.98279,24.82000,-1.79762,24.82000,0.50757
24.83354,24.83000,146.53650,24.83000,-1.90942,24.83000,0.59283
24.84354,24.84000,147.09668,24.84000,-2.00226,24.84000,0.64578
24.85354,24.85000,147.65556,24.85000,-2.07576,24.85000,0.66890
24.86354,24.86000,148.20589,24.86000,-2.13085,24.86000,0.66592
24.87355,24.87000,148.74104,24.87000,-2.16956,24.87000,0.64150
24.88355,24.88000,149.25501,24.88000,-2.19472,24.88000,0.60065
24.89355,24.89000,149.74234,24.89000,-2.20970,24.89000,0.54841
24.90355,24.90000,150.19821,24.90000,-2.21802,24.90000,0.48938
24.91355,24.91000,150.61832,24.91000,-2.22314,24.91000,0.42747
24.92355,24.92000,150.99893,24.92000,-2.22821,24.92000,0.36569
24.93355,24.93000,151.33693,24.93000,-2.23600,24.93000,0.30604
24.94356,24.94000,151.62985,24.94000,-2.24891,24.94000,0.24956
24.95356,24.95000,151.87602,24.95000,-2.26904,24.95000,0.19640
24.96356,24.96000,152.07475,24.96000,-2.29834,24.96000,0.14608
24.97356,24.97000,152.22653,24.97000,-2.33863,24.97000,0.09774
24.98356,24.98000,152.33304,24.98000,-2.39170,24.98000,0.05049
24.99356,24.99000,152.39731,24.99000,-2.45913,24.99000,0.00372
25.00356,25.00000,152.42365,25.00000,-2.54214,25.00000,-0.04272
25.01357,25.01000,152.41740,25.01000,-2.64130,25.01000,-0.08839
25.02357,25.02000,152.38484,25.02000,-2.75625,25.02000,-0.13226
25.03357,25.03000,152.33270,25.03000,-2.88536,25.03000,-0.17286
25.04357,25.04000,152.26784,25.04000,-3.02552,25.04000,-0.20843
25.05357,25.05000,152.19684,25.05000,-3.17200,25.05000,-0.23715
25.06357,25.06000,152.12547,25.06000,-3.31842,25.06000,-0.25742
25.07357,25.07000,152.05830,25.07000,-3.45697,25.07000,-0.26801
25.08358,25.08000,151.99838,25.08000,-3.57872,25.08000,-0.26831
25.09358,25.09000,151.94696,25.09000,-3.67410,25.09000,-0.25844
25.10358,25.10000,151.90343,25.10000,-3.73357,25.10000,-0.23929
25.11358,25.11000,151.86546,25.11000,-3.74822,25.11000,-0.21260
25.12358,25.12000,151.82930,25.12000,-3.71052,25.12000,-0.18085
25.13358,25.13000,151.79018,25.13000,-3.61492,25.13000,-0.14719
25.14358,25.14000,151.74287,25.14000,-3.45829,25.14000,-0.11536
25.15359,25.15000,151.68243,25.15000,-3.24028,25.15000,-0.08951
25.16359,25.16000,151.60481,25.16000,-2.96344,25.16000,-0.07411
25.17359,25.17000,151.50755,25.17000,-2.63315,25.17000,-0.07378
25.18359,25.18000,151.39021,25.18000,-2.25753,25.18000,-0.09314
25.19359,25.19000,151.25464,25.19000,-1.84717,25.19000,-0.13673
25.20359,25.20000,151.10484,25.20000,-1.41481,25.20000,-0.20883
25.21359,25.21000,150.94669,25.21000,-0.97489,25.21000,-0.31328
25.22360,25.22000,150.78731,25.22000,-0.54288,25.22000,-0.45326
25.23360,25.23000,150.63429,25.23000,-0.13444,25.23000,-0.63089
25.24360,25.24000,150.49469,25.24000,0.23561,25.24000,-0.84695
25.25360,25.25000,150.37413,25.25000,0.55421,25.25000,-1.10048
25.26360,25.26000,150.27589,25.26000,0.81083,25.26000,-1.38868
25.27360,25.27000,150.20033,25.27000,0.99788,25.27000,-1.70677
25.28360,25.28000,150.14464,25.28000,1.11080,25.28000,-2.04810
25.29361,25.29000,150.10301,25.29000,1.14808,25.29000,-2.40436
25.30361,25.30000,150.06735,25.30000,1.11102,25.30000,-2.76581
25.31361,25.31000,150.02803,25.31000,1.00358,25.31000,-3.12173
25.32361,25.32000,149.97502,25.32000,0.83213,25.32000,-3.46091
25.33361,25.33000,149.89880,25.33000,0.60510,25.33000,-3.77238
25.34361,25.34000,149.79128,25.34000,0.33266,25.34000,-4.04622
25.35361,25.35000,149.64632,25.35000,0.02638,25.35000,-4.27435
25.36362,25.36000,149.46030,25.36000,-0.30119,25.36000,-4.45121
25.37362,25.37000,149.23219,25.37000,-0.63704,25.37000,-4.57419
25.38362,25.38000,148.96368,25.38000,-0.96819,25.38000,-4.64372
25.39362,25.39000,148.65892,25.39000,-1.28242,25.39000,-4.66309
25.40362,25.40000,148.32436,25.40000,-1.56877,25.40000,-4.63796
25.41362,25.41000,147.96826,25.41000,-1.81819,25.41000,-4.57579
25.42362,25.42000,147.60025,25.42000,-2.02396,25.42000,-4.48505
25.43363,25.43000,147.23067,25.43000,-2.18204,25.43000,-4.37467
25.44363,25.44000,146.87010,25.44000,-2.29118,25.44000,-4.25335
25.45363,25.45000,146.52878,25.45000,-2.35295,25.45000,-4.12910
25.46363,25.46000,146.21611,25.46000,-2.37158,25.46000,-4.00888
25.47363,25.47000,145.94035,25.47000,-2.35368,25.47000,-3.89833
25.48363,25.48000,145.70822,25.48000,-2.30787,25.48000,-3.80165
25.49363,25.49000,145.52467,25.49000,-2.24435,25.49000,-3.72172
25.50364,25.50000,145.39261,25.50000,-2.17428,25.50000,-3.66026
25.51364,25.51000,145.31262,25.51000,-2.10896,25.51000,-3.61806
25.52364,25.52000,145.28288,25.52000,-2.05905,25.52000,-3.59523
25.53364,25.53000,145.29912,25.53000,-2.03358,25.53000,-3.59139
25.54364,25.54000,145.35469,25.54000,-2.03935,25.54000,-3.60577
25.55364,25.55000,145.44089,25.55000,-2.08032,25.55000,-3.63733
25.56364,25.56000,145.54735,25.56000,-2.15737,25.56000,-3.68484
25.57365,25.57000,145.66260,25.57000,-2.26831,25.57000,-3.74688
25.58365,25.58000,145.77466,25.58000,-2.40802,25.58000,-3.82189
25.59365,25.59000,145.87184,25.59000,-2.56884,25.59000,-3.90818
25.60365,25.60000,145.94338,25.60000,-2.74114,25.60000,-4.00393
25.61365,25.61000,145.98013,25.61000,-2.91393,25.61000,-4.10716
25.62365,25.62000,145.97524,25.62000,-3.07556,25.62000,-4.21581
25.63365,25.63000,145.92441,25.63000,-3.21458,25.63000,-4.32766
25.64366,25.64000,145.82619,25.64000,-3.32046,25.64000,-4.44040
25.65366,25.65000,145.68196,25.65000,-3.38446,25.65000,-4.55157
25.66366,25.66000,145.49561,25.66000,-3.40035,25.66000,-4.65857
25.67366,25.67000,145.27321,25.67000,-3.36499,25.67000,-4.75860
25.68366,25.68000,145.02239,25.68000,-3.27871,25.68000,-4.84863
25.69366,25.69000,144.75174,25.69000,-3.14533,25.69000,-4.92538
25.70366,25.70000,144.47026,25.70000,-2.97199,25.70000,-4.98524
25.71367,25.71000,144.18686,25.71000,-2.76854,25.71000,-5.02429
25.72367,25.72000,143.90997,25.72000,-2.54694,25.72000,-5.03837
25.73367,25.73000,143.64723,25.73000,-2.32031,25.73000,-5.02328
25.74367,25.74000,143.40523,25.74000,-2.10205,25.74000,-4.97509
25.75367,25.75000,143.18921,25.75000,-1.90488,25.75000,-4.89057
25.76367,25.76000,143.00314,25.76000,-1.73998,25.76000,-4.76768
25.77367,25.77000,142.84979,25.77000,-1.61626,25.77000,-4.60599
25.78368,25.78000,142.73113,25.78000,-1.53987,25.78000,-4.40693
25.79368,25.79000,142.64883,25.79000,-1.51393,25.79000,-4.17391
25.80368,25.80000,142.60478,25.80000,-1.53840,25.80000,-3.91214
25.81368,25.81000,142.60129,25.81000,-1.61012,25.81000,-3.62832
25.82368,25.82000,142.64119,25.82000,-1.72294,25.82000,-3.33018
25.83368,25.83000,142.72757,25.83000,-1.86817,25.83000,-3.02597
25.84368,25.84000,142.86345,25.84000,-2.03514,25.84000,-2.72402
25.85369,25.85000,143.05135,25.85000,-2.21213,25.85000,-2.43237
25.86369,25.86000,143.29294,25.86000,-2.38726,25.86000,-2.15835
25.87369,25.87000,143.58875,25.87000,-2.54943,25.87000,-1.90829
25.88369,25.88000,143.93793,25.88000,-2.68913,25.88000,-1.68715
25.89369,25.89000,144.33803,25.89000,-2.79908,25.89000,-1.49824
25.90369,25.90000,144.78507,25.90000,-2.87460,25.90000,-1.34304
25.91369,25.91000,145.27341,25.91000,-2.91384,25.91000,-1.22120
25.92370,25.92000,145.79599,25.92000,-2.91771,25.92000,-1.13062
25.93370,25.93000,146.34441,25.93000,-2.88954,25.93000,-1.06782
25.94370,25.94000,146.90927,25.94000,-2.83464,25.94000,-1.02824
25.95370,25.95000,147.48059,25.95000,-2.75962,25.95000,-1.00671
25.96370,25.96000,148.04814,25.96000,-2.67173,25.96000,-0.99784
25.97370,25.97000,148.60201,25.97000,-2.57815,25.97000,-0.99635
25.98370,25.98000,149.13287,25.98000,-2.48538,25.98000,-0.99737
25.99371,25.99000,149.63243,25.99000,-2.39883,25.99000,-0.99670
26.00371,26.00000,150.09349,26.00000,-2.32263,26.00000,-0.99103
26.01371,26.01000,150.51015,26.01000,-2.25962,26.01000,-0.97816
26.02371,26.02000,150.87784,26.02000,-2.21147,26.02000,-0.95708
26.03371,26.03000,151.19344,26.03000,-2.17894,26.03000,-0.92799
26.04371,26.04000,151.45526,26.04000,-2.16207,26.04000,-0.89212
26.05371,26.05000,151.66324,26.05000,-2.16044,26.05000,-0.85145
26.06372,26.06000,151.81883,26.06000,-2.17328,26.06000,-0.80840
26.07372,26.07000,151.92510,26.07000,-2.19963,26.07000,-0.76537
26.08372,26.08000,151.98654,26.08000,-2.23837,26.08000,-0.72442
26.09372,26.09000,152.00905,26.09000,-2.28826,26.09000,-0.68692
26.10372,26.10000,151.99957,26.10000,-2.34788,26.10000,-0.65341
26.11372,26.11000,151.96585,26.11000,-2.41556,26.11000,-0.62349
26.12372,26.12000,151.91602,26.12000,-2.48927,26.12000,-0.59584
26.13373,26.13000,151.85817,26.13000,-2.56653,26.13000,-0.56841
26.14373,26.14000,151.79991,26.14000,-2.64428,26.14000,-0.53861
26.15373,26.15000,151.74797,26.15000,-2.71890,26.15000,-0.50360
26.16373,26.16000,151.70781,26.16000,-2.78629,26.16000,-0.46059
26.17373,26.17000,151.68333,26.17000,-2.84199,26.17000,-0.40717
26.18373,26.18000,151.67673,26.18000,-2.88146,26.18000,-0.34158
26.19373,26.19000,151.68834,26.19000,-2.90039,26.19000,-0.26301
26.20374,26.20000,151.71669,26.20000,-2.89500,26.20000,-0.17174
26.21374,26.21000,151.75862,26.21000,-2.86233,26.21000,-0.06934
26.22374,26.22000,151.80962,26.22000,-2.80045,26.22000,0.04127
26.23374,26.23000,151.86423,26.23000,-2.70853,26.23000,0.15587
26.24374,26.24000,151.91675,26.24000,-2.58672,26.24000,0.26903
26.25374,26.25000,151.96190,26.25000,-2.43594,26.25000,0.37439
26.26374,26.26000,151.99556,26.26000,-2.25760,26.26000,0.46493
26.27375,26.27000,152.01537,26.27000,-2.05329,26.27000,0.53333
26.28375,26.28000,152.02104,26.28000,-1.82463,26.28000,0.57228
26.29375,26.29000,152.01457,26.29000,-1.57334,26.29000,0.57477
26.30375,26.30000,151.99992,26.30000,-1.30154,26.30000,0.53433
26.31375,26.31000,151.98270,26.31000,-1.01216,26.31000,0.44533
26.32375,26.32000,151.96953,26.32000,-0.70951,26.32000,0.30324
26.33375,26.33000,151.96735,26.33000,-0.39954,26.33000,0.10508
26.34376,26.34000,151.98267,26.34000,-0.08993,26.34000,-0.15017
26.35376,26.35000,152.02084,26.35000,0.21018,26.35000,-0.46122
26.36376,26.36000,152.08534,26.36000,0.49073,26.36000,-0.82416
26.37376,26.37000,152.17726,26.37000,0.74151,26.37000,-1.23250
26.38376,26.38000,152.29506,26.38000,0.95301,26.38000,-1.67734
26.39376,26.39000,152.43451,26.39000,1.11726,26.39000,-2.14774
26.40376,26.40000,152.58882,26.40000,1.22844,26.40000,-2.63126
26.41377,26.41000,152.74908,26.41000,1.28319,26.41000,-3.11448
26.42377,26.42000,152.90486,26.42000,1.28065,26.42000,-3.58360
26.43377,26.43000,153.04488,26.43000,1.22236,26.43000,-4.02507
26.44377,26.44000,153.15782,26.44000,1.11210,26.44000,-4.42617
26.45377,26.45000,153.23314,26.45000,0.95582,26.45000,-4.77566
26.46377,26.46000,153.26154,26.46000,0.76138,26.46000,-5.06445
26.47377,26.47000,153.23569,26.47000,0.53829,26.47000,-5.28615
26.48378,26.48000,153.15053,26.48000,0.29728,26.48000,-5.43756
26.49378,26.49000,153.00362,26.49000,0.04972,26.49000,-5.51879
26.50378,26.50000,152.79523,26.50000,-0.19304,26.50000,-5.53326
26.51378,26.51000,152.52834,26.51000,-0.42035,26.51000,-5.48731
26.52378,26.52000,152.20839,26.52000,-0.62295,26.52000,-5.38968
26.53378,26.53000,151.84294,26.53000,-0.79352,26.53000,-5.25085
26.54378,26.54000,151.44121,26.54000,-0.92711,26.54000,-5.08226
26.55379,26.55000,151.01352,26.55000,-1.02133,26.55000,-4.89562
26.56379,26.56000,150.57083,26.56000,-1.07637,26.56000,-4.70213
26.57379,26.57000,150.12430,26.57000,-1.09487,26.57000,-4.51193
26.58379,26.58000,149.68491,26.58000,-1.08169,26.58000,-4.33353
26.59379,26.59000,149.26320,26.59000,-1.04369,26.59000,-4.17358
26.60379,26.60000,148.86894,26.60000,-0.98932,26.60000,-4.03672
26.61379,26.61000,148.51091,26.61000,-0.92814,26.61000,-3.92568
26.62380,26.62000,148.19640,26.62000,-0.87011,26.62000,-3.84148
26.63380,26.63000,147.93097,26.63000,-0.82485,26.63000,-3.78375
26.64380,26.64000,147.71809,26.64000,-0.80084,26.64000,-3.75102
26.65380,26.65000,147.55896,26.65000,-0.80491,26.65000,-3.74101
26.66380,26.66000,147.45235,26.66000,-0.84181,26.66000,-3.75099
26.67380,26.67000,147.39459,26.67000,-0.91410,26.67000,-3.77807
26.68380,26.68000,147.37975,26.68000,-1.02206,26.68000,-3.81946
26.69381,26.69000,147.39972,26.69000,-1.16381,26.69000,-3.87267
26.70381,26.70000,147.44469,26.70000,-1.33533,26.70000,-3.93559
26.71381,26.71000,147.50356,26.71000,-1.53070,26.71000,-4.00659
26.72381,26.72000,147.56453,26.72000,-1.74222,26.72000,-4.08440
26.73381,26.73000,147.61588,26.73000,-1.96068,26.73000,-4.16805
26.74381,26.74000,147.64662,26.74000,-2.17578,26.74000,-4.25669
26.75381,26.75000,147.64729,26.75000,-2.37650,26.75000,-4.34937
26.76382,26.76000,147.61067,26.76000,-2.55175,26.76000,-4.44480
26.77382,26.77000,147.53232,26.77000,-2.69108,26.77000,-4.54116
26.78382,26.78000,147.41093,26.78000,-2.78546,26.78000,-4.63589
26.79382,26.79000,147.24849,26.79000,-2.82822,26.79000,-4.72559
26.80382,26.80000,147.05017,26.80000,-2.81582,26.80000,-4.80608
26.81382,26.81000,146.82385,26.81000,-2.74852,26.81000,-4.87248
26.82382,26.82000,146.57948,26.82000,-2.63070,26.82000,-4.91954
26.83383,26.83000,146.32823,26.83000,-2.47071,26.83000,-4.94193
26.84383,26.84000,146.08150,26.84000,-2.28037,26.84000,-4.93464
26.85383,26.85000,145.84998,26.85000,-2.07404,26.85000,-4.89341
26.86383,26.86000,145.64275,26.86000,-1.86733,26.86000,-4.81511
26.87383,26.87000,145.46658,26.87000,-1.67579,26.87000,-4.69812
26.88383,26.88000,145.32561,26.88000,-1.51347,26.88000,-4.54254
26.89383,26.89000,145.22138,26.89000,-1.39182,26.89000,-4.35031
26.90384,26.90000,145.15338,26.90000,-1.31897,26.90000,-4.12507
26.91384,26.91000,145.12003,26.91000,-1.29944,26.91000,-3.87198
26.92384,26.92000,145.11960,26.92000,-1.33429,26.92000,-3.59725
26.93384,26.93000,145.15129,26.93000,-1.42138,26.93000,-3.30773
26.94384,26.94000,145.21565,26.94000,-1.55565,26.94000,-3.01038
26.95384,26.95000,145.31473,26.95000,-1.72948,26.95000,-2.71189
26.96384,26.96000,145.45190,26.96000,-1.93308,26.96000,-2.41840
26.97385,26.97000,145.63126,26.97000,-2.15504,26.97000,-2.13539
26.98385,26.98000,145.85706,26.98000,-2.38299,26.98000,-1.86767
26.99385,26.99000,146.13294,26.99000,-2.60442,26.99000,-1.61933
27.00385,27.00000,146.46133,27.00000,-2.80749,27.00000,-1.39366
27.01385,27.01000,146.84287,27.01000,-2.98185,27.01000,-1.19308
27.02385,27.02000,147.27599,27.02000,-3.11940,27.02000,-1.01900
27.03385,27.03000,147.75687,27.03000,-3.21488,27.03000,-0.87172
27.04386,27.04000,148.27936,27.04000,-3.26621,27.04000,-0.75041
27.05386,27.05000,148.83530,27.05000,-3.27454,27.05000,-0.65317
27.06386,27.06000,149.41472,27.06000,-3.24391,27.06000,-0.57720
27.07386,27.07000,150.00647,27.07000,-3.18068,27.07000,-0.51901
27.08386,27.08000,150.59872,27.08000,-3.09268,27.08000,-0.47464
27.09386,27.09000,151.17960,27.09000,-2.98836,27.09000,-0.43994
27.10386,27.10000,151.73770,27.10000,-2.87591,27.10000,-0.41082
27.11387,27.11000,152.26257,27.11000,-2.76259,27.11000,-0.38351
27.12387,27.12000,152.74498,27.12000,-2.65422,27.12000,-0.35480
27.13387,27.13000,153.17705,27.13000,-2.55499,27.13000,-0.32233
27.14387,27.14000,153.55243,27.14000,-2.46746,27.14000,-0.28481
27.15387,27.15000,153.86635,27.15000,-2.39280,27.15000,-0.24207
27.16387,27.16000,154.11571,27.16000,-2.33111,27.16000,-0.19507
27.17387,27.17000,154.29926,27.17000,-2.28181,27.17000,-0.14569
27.18388,27.18000,154.41763,27.18000,-2.24411,27.18000,-0.09637
27.19388,27.19000,154.47350,27.19000,-2.21724,27.19000,-0.04980
27.20388,27.20000,154.47142,27.20000,-2.20076,27.20000,-0.00842
27.21388,27.21000,154.41786,27.21000,-2.19458,27.21000,0.02588
27.22388,27.22000,154.32082,27.22000,-2.19893,27.22000,0.05202
27.23388,27.23000,154.18955,27.23000,-2.21411,27.23000,0.06996
27.24388,27.24000,154.03407,27.24000,-2.24027,27.24000,0.08066
27.25389,27.25000,153.86467,27.25000,-2.27699,27.25000,0.08608
27.26389,27.26000,153.69132,27.26000,-2.32308,27.26000,0.08896
27.27389,27.27000,153.52318,27.27000,-2.37631,27.27000,0.09257
27.28389,27.28000,153.36804,27.28000,-2.43336,27.28000,0.10039
27.29389,27.29000,153.23198,27.29000,-2.48993,27.29000,0.11568
27.30389,27.30000,153.11891,27.30000,-2.54096,27.30000,0.14108
27.31389,27.31000,153.03055,27.31000,-2.58098,27.31000,0.17824
27.32390,27.32000,152.96625,27.32000,-2.60456,27.32000,0.22747
27.33390,27.33000,152.92319,27.33000,-2.60675,27.33000,0.28752
27.34390,27.34000,152.89674,27.34000,-2.58338,27.34000,0.35553
27.35390,27.35000,152.88091,27.35000,-2.53135,27.35000,0.42707
27.36390,27.36000,152.86905,27.36000,-2.44873,27.36000,0.49636
27.37390,27.37000,152.85478,27.37000,-2.33465,27.37000,0.55668
27.38390,27.38000,152.83279,27.38000,-2.18931,27.38000,0.60077
27.39391,27.39000,152.79974,27.39000,-2.01378,27.39000,0.62133
27.40391,27.40000,152.75475,27.40000,-1.80998,27.40000,0.61139
27.41391,27.41000,152.69957,27.41000,-1.58075,27.41000,0.56469
27.42391,27.42000,152.63858,27.42000,-1.33000,27.42000,0.47592
27.43391,27.43000,152.57820,27.43000,-1.06294,27.43000,0.34098
27.44391,27.44000,152.52615,27.44000,-0.78623,27.44000,0.15718
27.45391,27.45000,152.49051,27.45000,-0.50793,27.45000,-0.07638
27.46392,27.46000,152.47867,27.46000,-0.23724,27.46000,-0.35860
27.47392,27.47000,152.49637,27.47000,0.01600,27.47000,-0.68614
27.48392,27.48000,152.54680,27.48000,0.24188,27.48000,-1.05333
27.49392,27.49000,152.63013,27.49000,0.43109,27.49000,-1.45233
27.50392,27.50000,152.74323,27.50000,0.57559,27.50000,-1.87342
27.51392,27.51000,152.87970,27.51000,0.66917,27.51000,-2.30544
27.52392,27.52000,153.03035,27.52000,0.70777,27.52000,-2.73627
27.53393,27.53000,153.18384,27.53000,0.68970,27.53000,-3.15337
27.54393,27.54000,153.32764,27.54000,0.61564,27.54000,-3.54439
27.55393,27.55000,153.44913,27.55000,0.48870,27.55000,-3.89772
27.56393,27.56000,153.53655,27.56000,0.31442,27.56000,-4.20318
27.57393,27.57000,153.57991,27.57000,0.10077,27.57000,-4.45266
27.58393,27.58000,153.57164,27.58000,-0.14211,27.58000,-4.64074
27.59393,27.59000,153.50716,27.59000,-0.40225,27.59000,-4.76519
27.60394,27.60000,153.38504,27.60000,-0.66656,27.60000,-4.82721
27.61394,27.61000,153.20717,27.61000,-0.92163,27.61000,-4.83131
27.62394,27.62000,152.97858,27.62000,-1.15478,27.62000,-4.78491
27.63394,27.63000,152.70699,27.63000,-1.35500,27.63000,-4.69766
27.64394,27.64000,152.40241,27.64000,-1.51378,27.64000,-4.58059
27.65394,27.65000,152.07629,27.65000,-1.62573,27.65000,-4.44521
27.66394,27.66000,151.74089,27.66000,-1.68888,27.66000,-4.30267
27.67395,27.67000,151.40839,27.67000,-1.70463,27.67000,-4.16299
27.68395,27.68000,151.09021,27.68000,-1.67751,27.68000,-4.03456
27.69395,27.69000,150.79660,27.69000,-1.61473,27.69000,-3.92374
27.70395,27.70000,150.53607,27.70000,-1.52569,27.70000,-3.83471
27.71395,27.71000,150.31532,27.71000,-1.42136,27.71000,-3.76951
27.72395,27.72000,150.13901,27.72000,-1.31372,27.72000,-3.72831
27.73395,27.73000,150.00969,27.73000,-1.21499,27.73000,-3.70970
27.74396,27.74000,149.92777,27.74000,-1.13682,27.74000,-3.71108
27.75396,27.75000,149.89148,27.75000,-1.08947,27.75000,-3.72912
27.76396,27.76000,149.89702,27.76000,-1.08106,27.76000,-3.76007
27.77396,27.77000,149.93866,27.77000,-1.11708,27.77000,-3.80021
27.78396,27.78000,150.00906,27.78000,-1.20003,27.78000,-3.84617
27.79396,27.79000,150.09958,27.79000,-1.32927,27.79000,-3.89522
27.80396,27.80000,150.20076,27.80000,-1.50107,27.80000,-3.94550
27.81397,27.81000,150.30278,27.81000,-1.70878,27.81000,-3.99611
27.82397,27.82000,150.39603,27.82000,-1.94318,27.82000,-4.04705
27.83397,27.83000,150.47156,27.83000,-2.19297,27.83000,-4.09910
27.84397,27.84000,150.52179,27.84000,-2.44540,27.84000,-4.15349
27.85397,27.85000,150.54088,27.85000,-2.68696,27.85000,-4.21154
27.86397,27.86000,150.52527,27.86000,-2.90418,27.86000,-4.27425
27.87397,27.87000,150.47403,27.87000,-3.08448,27.87000,-4.34179
27.88398,27.88000,150.38905,27.88000,-3.21698,27.88000,-4.41318
27.89398,27.89000,150.27519,27.89000,-3.29329,27.89000,-4.48592
27.90398,27.90000,150.13994,27.90000,-3.30829,27.90000,-4.55591
27.91398,27.91000,149.99300,27.91000,-3.26069,27.91000,-4.61753
27.92398,27.92000,149.84551,27.92000,-3.15333,27.92000,-4.66398
27.93398,27.93000,149.70914,27.93000,-2.99315,27.93000,-4.68784
27.94398,27.94000,149.59497,27.94000,-2.79062,27.94000,-4.68172
27.95399,27.95000,149.51247,27.95000,-2.55881,27.95000,-4.63899
27.96399,27.96000,149.46863,27.96000,-2.31209,27.96000,-4.55446
27.97399,27.97000,149.46735,27.97000,-2.06466,27.97000,-4.42483
27.98399,27.98000,149.50923,27.98000,-1.82912,27.98000,-4.24907
27.99399,27.99000,149.59184,27.99000,-1.61545,27.99000,-4.02848
28.00399,28.00000,149.71059,28.00000,-1.43053,28.00000,-3.76655
28.01399,28.01000,149.85997,28.01000,-1.27819,28.01000,-3.46866
28.02400,28.02000,150.03493,28.02000,-1.15984,28.02000,-3.14161
28.03400,28.03000,150.23187,28.03000,-1.07506,28.03000,-2.79307
28.04400,28.04000,150.44937,28.04000,-1.02226,28.04000,-2.43109
28.05400,28.05000,150.68811,28.05000,-0.99898,28.05000,-2.06355
28.06400,28.06000,150.95039,28.06000,-1.00213,28.06000,-1.69794
28.07400,28.07000,151.23943,28.07000,-1.02807,28.07000,-1.34120
28.08400,28.08000,151.55840,28.08000,-1.07272,28.08000,-0.99977
28.09401,28.09000,151.90979,28.09000,-1.13168,28.09000,-0.67967
28.10401,28.10000,152.29472,28.10000,-1.20047,28.10000,-0.38650
28.11401,28.11000,152.71263,28.11000,-1.27467,28.11000,-0.12538
28.12401,28.12000,153.16112,28.12000,-1.35009,28.12000,0.09930
28.13401,28.13000,153.63605,28.13000,-1.42301,28.13000,0.28421
28.14401,28.14000,154.13188,28.14000,-1.49047,28.14000,0.42739
28.15401,28.15000,154.64197,28.15000,-1.55047,28.15000,0.52847
28.16402,28.16000,155.15906,28.16000,-1.60219,28.16000,0.58876
28.17402,28.17000,155.67555,28.17000,-1.64605,28.17000,0.61123
28.18402,28.18000,156.18385,28.18000,-1.68356,28.18000,0.60027
28.19402,28.19000,156.67662,28.19000,-1.71704,28.19000,0.56135
28.20402,28.20000,157.14691,28.20000,-1.74931,28.20000,0.50067
28.21402,28.21000,157.58846,28.21000,-1.78321,28.21000,0.42468
28.22402,28.22000,157.99568,28.22000,-1.82131,28.22000,0.33966
28.23403,28.23000,158.36386,28.23000,-1.86559,28.23000,0.25131
28.24403,28.24000,158.68915,28.24000,-1.91734,28.24000,0.16441
28.25403,28.25000,158.96863,28.25000,-1.97720,28.25000,0.08251
28.26403,28.26000,159.20046,28.26000,-2.04532,28.26000,0.00786
28.27403,28.27000,159.38390,28.27000,-2.12150,28.27000,-0.05862
28.28403,28.28000,159.51947,28.28000,-2.20545,28.28000,-0.11715
28.29403,28.29000,159.60906,28.29000,-2.29694,28.29000,-0.16878
28.30404,28.30000,159.65587,28.30000,-2.39588,28.30000,-0.21499
28.31404,28.31000,159.66443,28.31000,-2.50223,28.31000,-0.25728
28.32404,28.32000,159.64040,28.32000,-2.61590,28.32000,-0.29683
28.33404,28.33000,159.59041,28.33000,-2.73645,28.33000,-0.33419
28.34404,28.34000,159.52170,28.34000,-2.86289,28.34000,-0.36917
28.35404,28.35000,159.44180,28.35000,-2.99339,28.35000,-0.40078
28.36404,28.36000,159.35819,28.36000,-3.12514,28.36000,-0.42731
28.37405,28.37000,159.27777,28.37000,-3.25436,28.37000,-0.44650
28.38405,28.38000,159.20654,28.38000,-3.37626,28.38000,-0.45578
28.39405,28.39000,159.14900,28.39000,-3.48528,28.39000,-0.45255
28.40405,28.40000,159.10783,28.40000,-3.57525,28.40000,-0.43451
28.41405,28.41000,159.08359,28.41000,-3.63970,28.41000,-0.39998
28.42405,28.42000,159.07455,28.42000,-3.67222,28.42000,-0.34826
28.43405,28.43000,159.07692,28.43000,-3.66678,28.43000,-0.27988
28.44406,28.44000,159.08502,28.44000,-3.61811,28.44000,-0.19689
28.45406,28.45000,159.09206,28.45000,-3.52201,28.45000,-0.10291
28.46406,28.46000,159.09079,28.46000,-3.37566,28.46000,-0.00320
28.47406,28.47000,159.07446,28.47000,-3.17789,28.47000,0.09550
28.48406,28.48000,159.03769,28.48000,-2.92951,28.48000,0.18513
28.49406,28.49000,158.97710,28.49000,-2.63348,28.49000,0.25668
28.50406,28.50000,158.89179,28.50000,-2.29504,28.50000,0.30058
28.51407,28.51000,158.78334,28.51000,-1.92163,28.51000,0.30730
28.52407,28.52000,158.65559,28.52000,-1.52264,28.52000,0.26799
28.53407,28.53000,158.51415,28.53000,-1.10909,28.53000,0.17531
28.54407,28.54000,158.36566,28.54000,-0.69317,28.54000,0.02422
28.55407,28.55000,158.21715,28.55000,-0.28767,28.55000,-0.18727
28.56407,28.56000,158.07523,28.56000,0.09468,28.56000,-0.45757
28.57407,28.57000,157.94542,28.57000,0.44206,28.57000,-0.78130
28.58408,28.58000,157.83159,28.58000,0.74432,28.58000,-1.14943
28.59408,28.59000,157.73550,28.59000,0.99370,28.59000,-1.54982
28.60408,28.60000,157.65657,28.60000,1.18515,28.60000,-1.96810
28.61408,28.61000,157.59189,28.61000,1.31629,28.61000,-2.38869
28.62408,28.62000,157.53651,28.62000,1.38708,28.62000,-2.79596
28.63408,28.63000,157.48387,28.63000,1.39946,28.63000,-3.17523
28.64408,28.64000,157.42654,28.64000,1.35707,28.64000,-3.51363
28.65409,28.65000,157.35690,28.65000,1.26517,28.65000,-3.80080
28.66409,28.66000,157.26776,28.66000,1.13058,28.66000,-4.02930
28.67409,28.67000,157.15311,28.67000,0.96172,28.67000,-4.19497
28.68409,28.68000,157.00853,28.68000,0.76836,28.68000,-4.29701
28.69409,28.69000,156.83167,28.69000,0.56125,28.69000,-4.33782
28.70409,28.70000,156.62239,28.70000,0.35153,28.70000,-4.32270
28.71409,28.71000,156.38286,28.71000,0.14998,28.71000,-4.25932
28.72410,28.72000,156.11740,28.72000,-0.03376,28.72000,-4.15703
28.73410,28.73000,155.83220,28.73000,-0.19181,28.73000,-4.02617
28.74410,28.74000,155.53490,28.74000,-0.31855,28.74000,-3.87735
28.75410,28.75000,155.23395,28.75000,-0.41092,28.75000,-3.72079
28.76410,28.76000,154.93820,28.76000,-0.46849,28.76000,-3.56577
28.77410,28.77000,154.65630,28.77000,-0.49332,28.77000,-3.42023
28.78410,28.78000,154.39635,28.78000,-0.48974,28.78000,-3.29043
28.79411,28.79000,154.16565,28.79000,-0.46403,28.79000,-3.18088
28.80411,28.80000,153.97043,28.80000,-0.42399,28.80000,-3.09429
28.81411,28.81000,153.81569,28.81000,-0.37848,28.81000,-3.03178
28.82411,28.82000,153.70511,28.82000,-0.33676,28.82000,-2.99313
28.83411,28.83000,153.64078,28.83000,-0.30785,28.83000,-2.97712
28.84411,28.84000,153.62315,28.84000,-0.29977,28.84000,-2.98184
28.85411,28.85000,153.65083,28.85000,-0.31886,28.85000,-3.00499
28.86412,28.86000,153.72054,28.86000,-0.36924,28.86000,-3.04415
28.87412,28.87000,153.82707,28.87000,-0.45252,28.87000,-3.09702
28.88412,28.88000,153.96347,28.88000,-0.56766,28.88000,-3.16151
28.89412,28.89000,154.12105,28.89000,-0.71110,28.89000,-3.23592
28.90412,28.90000,154.28976,28.90000,-0.87705,28.90000,-3.31891
28.91412,28.91000,154.45862,28.91000,-1.05792,28.91000,-3.40956
28.92412,28.92000,154.61620,28.92000,-1.24489,28.92000,-3.50724
28.93413,28.93000,154.75130,28.93000,-1.42846,28.93000,-3.61152
28.94413,28.94000,154.85368,28.94000,-1.59914,28.94000,-3.72198
28.95413,28.95000,154.91480,28.95000,-1.74791,28.95000,-3.83801
28.96413,28.96000,154.92841,28.96000,-1.86685,28.96000,-3.95861
28.97413,28.97000,154.89122,28.97000,-1.94958,28.97000,-4.08217
28.98413,28.98000,154.80318,28.98000,-1.99166,28.98000,-4.20637
28.99413,28.99000,154.66759,28.99000,-1.99095,28.99000,-4.32804
29.00414,29.00000,154.49092,29.00000,-1.94776,29.00000,-4.44330
29.01414,29.01000,154.28239,29.01000,-1.86486,29.01000,-4.54755
29.02414,29.02000,154.05328,29.02000,-1.74729,29.02000,-4.63572
29.03414,29.03000,153.81613,29.03000,-1.60198,29.03000,-4.70241
29.04414,29.04000,153.58386,29.04000,-1.43729,29.04000,-4.74219
29.05414,29.05000,153.36893,29.05000,-1.26238,29.05000,-4.74984
29.06414,29.06000,153.18233,29.06000,-1.08657,29.06000,-4.72076
29.07415,29.07000,153.03281,29.07000,-0.91875,29.07000,-4.65127
29.08415,29.08000,152.92635,29.08000,-0.76678,29.08000,-4.53901
29.09415,29.09000,152.86588,29.09000,-0.63716,29.09000,-4.38327
29.10415,29.10000,152.85159,29.10000,-0.53489,29.10000,-4.18517
29.11415,29.11000,152.88158,29.11000,-0.46339,29.11000,-3.94771
29.12415,29.12000,152.95277,29.12000,-0.42468,29.12000,-3.67569
29.13415,29.13000,153.06192,29.13000,-0.41933,29.13000,-3.37542
29.14416,29.14000,153.20627,29.14000,-0.44652,29.14000,-3.05430
29.15416,29.15000,153.38400,29.15000,-0.50391,29.15000,-2.72039
29.16416,29.16000,153.59425,29.16000,-0.58767,29.16000,-2.38198
29.17416,29.17000,153.83687,29.17000,-0.69261,29.17000,-2.04722
29.18416,29.18000,154.11202,29.18000,-0.81242,29.18000,-1.72378
29.19416,29.19000,154.41972,29.19000,-0.94007,29.19000,-1.41856
29.20416,29.20000,154.75951,29.20000,-1.06822,29.20000,-1.13731
29.21417,29.21000,155.13008,29.21000,-1.18973,29.21000,-0.88440
29.22417,29.22000,155.52919,29.22000,-1.29818,29.22000,-0.66251
29.23417,29.23000,155.95349,29.23000,-1.38831,29.23000,-0.47262
29.24417,29.24000,156.39871,29.24000,-1.45641,29.24000,-0.31405
29.25417,29.25000,156.85960,29.25000,-1.50054,29.25000,-0.18475
29.26417,29.26000,157.33023,29.26000,-1.52053,29.26000,-0.08168
29.27417,29.27000,157.80418,29.27000,-1.51785,29.27000,-0.00123
29.28418,29.28000,158.27486,29.28000,-1.49529,29.28000,0.06037
29.29418,29.29000,158.73589,29.29000,-1.45658,29.29000,0.10676
29.30418,29.30000,159.18135,29.30000,-1.40596,29.30000,0.14121
29.31418,29.31000,159.60606,29.31000,-1.34778,29.31000,0.16647
29.32418,29.32000,160.00571,29.32000,-1.28625,29.32000,0.18470
29.33418,29.33000,160.37685,29.33000,-1.22520,29.33000,0.19738
29.34418,29.34000,160.71686,29.34000,-1.16801,29.34000,0.20531
29.35418,29.35000,161.02393,29.35000,-1.11754,29.35000,0.20864
29.36419,29.36000,161.29698,29.36000,-1.07613,29.36000,0.20707
29.37419,29.37000,161.53569,29.37000,-1.04560,29.37000,0.20002
29.38419,29.38000,161.74045,29.38000,-1.02727,29.38000,0.18694
29.39419,29.39000,161.91243,29.39000,-1.02204,29.39000,0.16756
29.40419,29.40000,162.05356,29.40000,-1.03037,29.40000,0.14218
29.41419,29.41000,162.16650,29.41000,-1.05244,29.41000,0.11175
29.42419,29.42000,162.25456,29.42000,-1.08811,29.42000,0.07802
29.43420,29.43000,162.32153,29.43000,-1.13698,29.43000,0.04349
29.44420,29.44000,162.37154,29.44000,-1.19840,29.44000,0.01132
29.45420,29.45000,162.40881,29.45000,-1.27140,29.45000,-0.01484
29.46420,29.46000,162.43755,29.46000,-1.35466,29.46000,-0.03106
29.47420,29.47000,162.46159,29.47000,-1.44641,29.47000,-0.03339
29.48420,29.48000,162.48431,29.48000,-1.54430,29.48000,-0.01817
29.49420,29.49000,162.50839,29.49000,-1.64537,29.49000,0.01758
29.50421,29.50000,162.53572,29.50000,-1.74599,29.50000,0.07585
29.51421,29.51000,162.56720,29.51000,-1.84191,29.51000,0.15717
29.52421,29.52000,162.60281,29.52000,-1.92848,29.52000,0.26041
29.53421,29.53000,162.64162,29.53000,-2.00081,29.53000,0.38253
29.54421,29.54000,162.68184,29.54000,-2.05413,29.54000,0.51855
29.55421,29.55000,162.72104,29.55000,-2.08399,29.55000,0.66171
29.56421,29.56000,162.75636,29.56000,-2.08663,29.56000,0.80379
29.57422,29.57000,162.78488,29.57000,-2.05907,29.57000,0.93563
29.58422,29.58000,162.80397,29.58000,-1.99938,29.58000,1.04769
29.59422,29.59000,162.81168,29.59000,-1.90674,29.59000,1.13080
29.60422,29.60000,162.80705,29.60000,-1.78156,29.60000,1.17672
29.61422,29.61000,162.79033,29.61000,-1.62560,29.61000,1.17875
29.62422,29.62000,162.76305,29.62000,-1.44214,29.62000,1.13213
29.63422,29.63000,162.72795,29.63000,-1.23611,29.63000,1.03429
29.64423,29.64000,162.68877,29.64000,-1.01425,29.64000,0.88497
29.65423,29.65000,162.64995,29.65000,-0.78512,29.65000,0.68613
29.66423,29.66000,162.61624,29.66000,-0.55885,29.66000,0.44186
29.67423,29.67000,162.59209,29.67000,-0.34661,29.67000,0.15810
29.68423,29.68000,162.58109,29.68000,-0.15976,29.68000,-0.15773
29.69423,29.69000,162.58528,29.69000,-0.00885,29.69000,-0.49718
29.70423,29.70000,162.60463,29.70000,0.09730,29.70000,-0.85137
29.71424,29.71000,162.63681,29.71000,0.15238,29.71000,-1.21154
29.72424,29.72000,162.67703,29.72000,0.15302,29.72000,-1.56954
29.73424,29.73000,162.71838,29.73000,0.09882,29.73000,-1.91802
29.74424,29.74000,162.75226,29.74000,-0.00778,29.74000,-2.25057
29.75424,29.75000,162.76910,29.75000,-0.16192,29.75000,-2.56149
29.76424,29.76000,162.75940,29.76000,-0.35677,29.76000,-2.84565
29.77424,29.77000,162.71440,29.77000,-0.58403,29.77000,-3.09838
29.78425,29.78000,162.62711,29.78000,-0.83445,29.78000,-3.31547
29.79425,29.79000,162.49274,29.79000,-1.09828,29.79000,-3.49342
29.80425,29.80000,162.30919,29.80000,-1.36574,29.80000,-3.62980
29.81425,29.81000,162.07713,29.81000,-1.62736,29.81000,-3.72359
29.82425,29.82000,161.79982,29.82000,-1.87437,29.82000,-3.77545
29.83425,29.83000,161.48283,29.83000,-2.09902,29.83000,-3.78782
29.84425,29.84000,161.13370,29.84000,-2.29502,29.84000,-3.76481
29.85426,29.85000,160.76137,29.85000,-2.45774,29.85000,-3.71196
29.86426,29.86000,160.37573,29.86000,-2.58451,29.86000,-3.63576
29.87426,29.87000,159.98712,29.87000,-2.67463,29.87000,-3.54324
29.88426,29.88000,159.60579,29.88000,-2.72933,29.88000,-3.44150
29.89426,29.89000,159.24146,29.89000,-2.75147,29.89000,-3.33723
29.90426,29.90000,158.90297,29.90000,-2.74529,29.90000,-3.23641
29.91426,29.91000,158.59802,29.91000,-2.71607,29.91000,-3.14392
29.92427,29.92000,158.33296,29.92000,-2.66985,29.92000,-3.06345
29.93427,29.93000,158.11275,29.93000,-2.61324,29.93000,-2.99730
29.94427,29.94000,157.94086,29.94000,-2.55318,29.94000,-2.94653
29.95427,29.95000,157.81915,29.95000,-2.49671,29.95000,-2.91107
29.96427,29.96000,157.74788,29.96000,-2.45060,29.96000,-2.88998
29.97427,29.97000,157.72549,29.97000,-2.42099,29.97000,-2.88170
29.98427,29.98000,157.74873,29.98000,-2.41295,29.98000,-2.88439
29.99428,29.99000,157.81261,29.99000,-2.43015,29.99000,-2.89609
30.00428,30.00000,157.91060,30.00000,-2.47457,30.00000,-2.91499
30.01428,30.01000,158.03490,30.01000,-2.54633,30.01000,-2.93958
30.02428,30.02000,158.17664,30.02000,-2.64363,30.02000,-2.96881
30.03428,30.03000,158.32629,30.03000,-2.76275,30.03000,-3.00217
30.04428,30.04000,158.47411,30.04000,-2.89826,30.04000,-3.03977
30.05428,30.05000,158.61047,30.05000,-3.04324,30.05000,-3.08228
30.06429,30.06000,158.72641,30.06000,-3.18966,30.06000,-3.13087
30.07429,30.07000,158.81400,30.07000,-3.32879,30.07000,-3.18705
30.08429,30.08000,158.86681,30.08000,-3.45168,30.08000,-3.25241
30.09429,30.09000,158.88019,30.09000,-3.54970,30.09000,-3.32831
30.10429,30.10000,158.85158,30.10000,-3.61501,30.10000,-3.41558
30.11429,30.11000,158.78061,30.11000,-3.64107,30.11000,-3.51412
30.12429,30.12000,158.66907,30.12000,-3.62313,30.12000,-3.62272
30.13430,30.13000,158.52083,30.13000,-3.55859,30.13000,-3.73880
30.14430,30.14000,158.34139,30.14000,-3.44726,30.14000,-3.85844
30.15430,30.15000,158.13754,30.15000,-3.29139,30.15000,-3.97638
30.16430,30.16000,157.91686,30.16000,-3.09557,30.16000,-4.08622
30.17430,30.17000,157.68713,30.17000,-2.86643,30.17000,-4.18065
30.18430,30.18000,157.45610,30.18000,-2.61217,30.18000,-4.25179
30.19430,30.19000,157.23096,30.19000,-2.34210,30.19000,-4.29166
30.20431,30.20000,157.01816,30.20000,-2.06610,30.20000,-4.29271
30.21431,30.21000,156.82311,30.21000,-1.79408,30.21000,-4.24847
30.22431,30.22000,156.65007,30.22000,-1.53541,30.22000,-4.15420
30.23431,30.23000,156.50220,30.23000,-1.29859,30.23000,-4.00752
30.24431,30.24000,156.38168,30.24000,-1.09088,30.24000,-3.80883
30.25431,30.25000,156.29021,30.25000,-0.91819,30.25000,-3.56146
30.26431,30.26000,156.22929,30.26000,-0.78494,30.26000,-3.27161
30.27432,30.27000,156.20082,30.27000,-0.69398,30.27000,-2.94807
30.28432,30.28000,156.20728,30.28000,-0.64644,30.28000,-2.60159
30.29432,30.29000,156.25182,30.29000,-0.64154,30.29000,-2.24420
30.30432,30.30000,156.33810,30.30000,-0.67654,30.30000,-1.88842
30.31432,30.31000,156.46999,30.31000,-0.74679,30.31000,-1.54647
30.32432,30.32000,156.65102,30.32000,-0.84588,30.32000,-1.22950
30.33432,30.33000,156.88396,30.33000,-0.96601,30.33000,-0.94700
30.34433,30.34000,157.17038,30.34000,-1.09841,30.34000,-0.70617
30.35433,30.35000,157.51028,30.35000,-1.23393,30.35000,-0.51154
30.36433,30.36000,157.90173,30.36000,-1.36368,30.36000,-0.36476
30.37433,30.37000,158.34078,30.37000,-1.47975,30.37000,-0.26463
30.38433,30.38000,158.82140,30.38000,-1.57584,30.38000,-0.20745
30.39433,30.39000,159.33566,30.39000,-1.64777,30.39000,-0.18749
30.40433,30.40000,159.87396,30.40000,-1.69374,30.40000,-0.19766
30.41434,30.41000,160.42543,30.41000,-1.71428,30.41000,-0.23025
30.42434,30.42000,160.97858,30.42000,-1.71199,30.42000,-0.27758
30.43434,30.43000,161.52181,30.43000,-1.69106,30.43000,-0.33250
30.44434,30.44000,162.04417,30.44000,-1.65671,30.44000,-0.38877
30.45434,30.45000,162.53577,30.45000,-1.61457,30.45000,-0.44124
30.46434,30.46000,162.98824,30.46000,-1.57011,30.46000,-0.48598
30.47434,30.47000,163.39484,30.47000,-1.52821,30.47000,-0.52030
30.48435,30.48000,163.75058,30.48000,-1.49283,30.48000,-0.54267
30.49435,30.49000,164.05211,30.49000,-1.46689,30.49000,-0.55274
30.50435,30.50000,164.29758,30.50000,-1.45227,30.50000,-0.55113
30.51435,30.51000,164.48662,30.51000,-1.44990,30.51000,-0.53931
30.52435,30.52000,164.62024,30.52000,-1.46003,30.52000,-0.51931
30.53435,30.53000,164.70079,30.53000,-1.48238,30.53000,-0.49342
30.54435,30.54000,164.73193,30.54000,-1.51637,30.54000,-0.46388
30.55436,30.55000,164.71852,30.55000,-1.56133,30.55000,-0.43255
30.56436,30.56000,164.66649,30.56000,-1.61658,30.56000,-0.40072
30.57436,30.57000,164.58270,30.57000,-1.68151,30.57000,-0.36891
30.58436,30.58000,164.47459,30.58000,-1.75558,30.58000,-0.33686
30.59436,30.59000,164.34999,30.59000,-1.83822,30.59000,-0.30358
30.60436,30.60000,164.21675,30.60000,-1.92870,30.60000,-0.26742
30.61436,30.61000,164.08246,30.61000,-2.02596,30.61000,-0.22633
30.62437,30.62000,163.95418,30.62000,-2.12848,30.62000,-0.17811
30.63437,30.63000,163.83810,30.63000,-2.23413,30.63000,-0.12068
30.64437,30.64000,163.73938,30.64000,-2.34013,30.64000,-0.05244
30.65437,30.65000,163.66176,30.65000,-2.44308,30.65000,0.02750
30.66437,30.66000,163.60750,30.66000,-2.53903,30.66000,0.11902
30.67437,30.67000,163.57719,30.67000,-2.62371,30.67000,0.22087
30.68437,30.68000,163.56979,30.68000,-2.69268,30.68000,0.33053
30.69438,30.69000,163.58261,30.69000,-2.74167,30.69000,0.44431
30.70438,30.70000,163.61165,30.70000,-2.76675,30.70000,0.55740
30.71438,30.71000,163.65187,30.71000,-2.76452,30.71000,0.66417
30.72438,30.72000,163.69785,30.72000,-2.73236,30.72000,0.75839
30.73438,30.73000,163.74434,30.73000,-2.66845,30.73000,0.83362
30.74438,30.74000,163.78703,30.74000,-2.57188,30.74000,0.88354
30.75438,30.75000,163.82320,30.75000,-2.44265,30.75000,0.90236
30.76439,30.76000,163.85210,30.76000,-2.28172,30.76000,0.88508
30.77439,30.77000,163.87521,30.77000,-2.09112,30.77000,0.82778
30.78439,30.78000,163.89618,30.78000,-1.87427,30.78000,0.72779
30.79439,30.79000,163.92038,30.79000,-1.63631,30.79000,0.58378
30.80439,30.80000,163.95442,30.80000,-1.38439,30.80000,0.39583
30.81439,30.81000,164.00526,30.81000,-1.12781,30.81000,0.16550
30.82439,30.82000,164.07936,30.82000,-0.87763,30.82000,-0.10413
30.83440,30.83000,164.18167,30.83000,-0.64599,30.83000,-0.40848
30.84440,30.84000,164.31482,30.84000,-0.44509,30.84000,-0.74159
30.85440,30.85000,164.47836,30.85000,-0.28605,30.85000,-1.09632
30.86440,30.86000,164.66852,30.86000,-0.17793,30.86000,-1.46471
30.87440,30.87000,164.87811,30.87000,-0.12696,30.87000,-1.83836
30.88440,30.88000,165.09694,30.88000,-0.13615,30.88000,-2.20872
30.89440,30.89000,165.31241,30.89000,-0.20516,30.89000,-2.56731
30.90441,30.90000,165.51051,30.90000,-0.33054,30.90000,-2.90585
30.91441,30.91000,165.67687,30.91000,-0.50612,30.91000,-3.21635
30.92441,30.92000,165.79790,30.92000,-0.72350,30.92000,-3.49128
30.93441,30.93000,165.86197,30.93000,-0.97268,30.93000,-3.72388
30.94441,30.94000,165.86025,30.94000,-1.24262,30.94000,-3.90860
30.95441,30.95000,165.78731,30.95000,-1.52186,30.95000,-4.04157
30.96441,30.96000,165.64157,30.96000,-1.79901,30.96000,-4.12108
30.97442,30.97000,165.42517,30.97000,-2.06327,30.97000,-4.14789
30.98442,30.98000,165.14383,30.98000,-2.30490,30.98000,-4.12536
30.99442,30.99000,164.80634,30.99000,-2.51571,30.99000,-4.05920
31.00442,31.00000,164.42398,31.00000,-2.68945,31.00000,-3.95714
31.01442,31.01000,164.00987,31.01000,-2.82209,31.01000,-3.82821
31.02442,31.02000,163.57811,31.02000,-2.91196,31.02000,-3.68215
31.03442,31.03000,163.14305,31.03000,-2.95967,31.03000,-3.52860
31.04443,31.04000,162.71863,31.04000,-2.96781,31.04000,-3.37654
31.05443,31.05000,162.31758,31.05000,-2.94061,31.05000,-3.23373
31.06443,31.06000,161.95097,31.06000,-2.88344,31.06000,-3.10632
31.07443,31.07000,161.62776,31.07000,-2.80252,31.07000,-2.99864
31.08443,31.08000,161.35466,31.08000,-2.70458,31.08000,-2.91313
31.09443,31.09000,161.13599,31.09000,-2.59670,31.09000,-2.85046
31.10443,31.10000,160.97374,31.10000,-2.48610,31.10000,-2.80977
31.11444,31.11000,160.86775,31.11000,-2.38004,31.11000,-2.78907
31.12444,31.12000,160.81590,31.12000,-2.28548,31.12000,-2.78561
31.13444,31.13000,160.81422,31.13000,-2.20886,31.13000,-2.79632
31.14444,31.14000,160.85727,31.14000,-2.15574,31.14000,-2.81816
31.15444,31.15000,160.93832,31.15000,-2.13051,31.15000,-2.84836
31.16444,31.16000,161.04968,31.16000,-2.13614,31.16000,-2.88463
31.17444,31.17000,161.18295,31.17000,-2.17401,31.17000,-2.92529
31.18445,31.18000,161.32927,31.18000,-2.24376,31.18000,-2.96933
31.19445,31.19000,161.47957,31.19000,-2.34328,31.19000,-3.01637
31.20445,31.20000,161.62485,31.20000,-2.46873,31.20000,-3.06667
31.21445,31.21000,161.75633,31.21000,-2.61469,31.21000,-3.12099
31.22445,31.22000,161.86577,31.22000,-2.77435,31.22000,-3.18049
31.23445,31.23000,161.94562,31.23000,-2.93991,31.23000,-3.24657
31.24445,31.24000,161.98930,31.24000,-3.10285,31.24000,-3.32068
31.25446,31.25000,161.99139,31.25000,-3.25447,31.25000,-3.40416
31.26446,31.26000,161.94777,31.26000,-3.38628,31.26000,-3.49797
31.27446,31.27000,161.85582,31.27000,-3.49048,31.27000,-3.60248
31.28446,31.28000,161.71455,31.28000,-3.56044,31.28000,-3.71721
31.29446,31.29000,161.52473,31.29000,-3.59107,31.29000,-3.84065
31.30446,31.30000,161.28890,31.30000,-3.57916,31.30000,-3.97008
31.31446,31.31000,161.01134,31.31000,-3.52360,31.31000,-4.10156
31.32447,31.32000,160.69812,31.32000,-3.42545,31.32000,-4.23001
31.33447,31.33000,160.35674,31.33000,-3.28787,31.33000,-4.34937
31.34447,31.34000,159.99597,31.34000,-3.11589,31.34000,-4.45297
31.35447,31.35000,159.62544,31.35000,-2.91613,31.35000,-4.53388
31.36447,31.36000,159.25526,31.36000,-2.69636,31.36000,-4.58542
31.37447,31.37000,158.89545,31.37000,-2.46512,31.37000,-4.60164
31.38447,31.38000,158.55537,31.38000,-2.23119,31.38000,-4.57786
31.39448,31.39000,158.24327,31.39000,-2.00321,31.39000,-4.51109
31.40448,31.40000,157.96579,31.40000,-1.78921,31.40000,-4.40040
31.41448,31.41000,157.72788,31.41000,-1.59633,31.41000,-4.24703
31.42448,31.42000,157.53287,31.42000,-1.43060,31.42000,-4.05435
31.43448,31.43000,157.38292,31.43000,-1.29685,31.43000,-3.82754
31.44448,31.44000,157.27953,31.44000,-1.19856,31.44000,-3.57314
31.45448,31.45000,157.22414,31.45000,-1.13778,31.45000,-3.29857
31.46449,31.46000,157.21854,31.46000,-1.11488,31.46000,-3.01152
31.47449,31.47000,157.26509,31.47000,-1.12846,31.47000,-2.71956
31.48449,31.48000,157.36664,31.48000,-1.17531,31.48000,-2.42972
31.49449,31.49000,157.52605,31.49000,-1.25046,31.49000,-2.14835
31.50449,31.50000,157.74579,31.50000,-1.34746,31.50000,-1.88100
31.51449,31.51000,158.02728,31.51000,-1.45881,31.51000,-1.63248
31.52449,31.52000,158.37042,31.52000,-1.57645,31.52000,-1.40687
31.53450,31.53000,158.77325,31.53000,-1.69236,31.53000,-1.20745
31.54450,31.54000,159.23184,31.54000,-1.79918,31.54000,-1.03671
31.55450,31.55000,159.74027,31.55000,-1.89076,31.55000,-0.89610
31.56450,31.56000,160.29083,31.56000,-1.96264,31.56000,-0.78597
31.57450,31.57000,160.87448,31.57000,-2.01239,31.57000,-0.70545
31.58450,31.58000,161.48114,31.58000,-2.03974,31.58000,-0.65246
31.59450,31.59000,162.10030,31.59000,-2.04648,31.59000,-0.62387
31.60451,31.60000,162.72147,31.60000,-2.03619,31.60000,-0.61568
31.61451,31.61000,163.33464,31.61000,-2.01369,31.61000,-0.62333
31.62451,31.62000,163.93073,31.62000,-1.98451,31.62000,-0.64206
31.63451,31.63000,164.50177,31.63000,-1.95422,31.63000,-0.66719
31.64451,31.64000,165.04121,31.64000,-1.92791,31.64000,-0.69451
31.65451,31.65000,165.54387,31.65000,-1.90976,31.65000,-0.72047
31.66451,31.66000,166.00594,31.66000,-1.90276,31.66000,-0.74243
31.67452,31.67000,166.42484,31.67000,-1.90866,31.67000,-0.75876
31.68452,31.68000,166.79912,31.68000,-1.92804,31.68000,-0.76884
31.69452,31.69000,167.12828,31.69000,-1.96052,31.69000,-0.77295
31.70452,31.70000,167.41277,31.70000,-2.00503,31.70000,-0.77203
31.71452,31.71000,167.65389,31.71000,-2.06015,31.71000,-0.76743
31.72452,31.72000,167.85379,31.72000,-2.12434,31.72000,-0.76052
31.73452,31.73000,168.01541,31.73000,-2.19611,31.73000,-0.75238
31.74453,31.74000,168.14246,31.74000,-2.27417,31.74000,-0.74352
31.75453,31.75000,168.23920,31.75000,-2.35738,31.75000,-0.73370
31.76453,31.76000,168.31043,31.76000,-2.44471,31.76000,-0.72189
31.77453,31.77000,168.36125,31.77000,-2.53507,31.77000,-0.70631
31.78453,31.78000,168.39687,31.78000,-2.62724,31.78000,-0.68462
31.79453,31.79000,168.42244,31.79000,-2.71965,31.79000,-0.65410
31.80453,31.80000,168.44290,31.80000,-2.81035,31.80000,-0.61201
31.81454,31.81000,168.46271,31.81000,-2.89686,31.81000,-0.55580
31.82454,31.82000,168.48572,31.82000,-2.97626,31.82000,-0.48341
31.83454,31.83000,168.51498,31.83000,-3.04522,31.83000,-0.39349
31.84454,31.84000,168.55257,31.84000,-3.10020,31.84000,-0.28560
31.85454,31.85000,168.59941,31.85000,-3.13765,31.85000,-0.16037
31.86454,31.86000,168.65520,31.86000,-3.15438,31.86000,-0.01957
31.87454,31.87000,168.71843,31.87000,-3.14777,31.87000,0.13380
31.88455,31.88000,168.78644,31.88000,-3.11606,31.88000,0.29557
31.89455,31.89000,168.85558,31.89000,-3.05848,31.89000,0.46045
31.90455,31.90000,168.92139,31.90000,-2.97515,31.90000,0.62225
31.91455,31.91000,168.97903,31.91000,-2.86696,31.91000,0.77407
31.92455,31.92000,169.02373,31.92000,-2.73523,31.92000,0.90858
31.93455,31.93000,169.05125,31.93000,-2.58134,31.93000,1.01840
31.94455,31.94000,169.05861,31.94000,-2.40648,31.94000,1.09640
31.95456,31.95000,169.04437,31.95000,-2.21148,31.95000,1.13612
31.96456,31.96000,169.00908,31.96000,-1.99688,31.96000,1.13198
31.97456,31.97000,168.95528,31.97000,-1.76329,31.97000,1.07961
31.98456,31.98000,168.88727,31.98000,-1.51204,31.98000,0.97602
31.99456,31.99000,168.81087,31.99000,-1.24581,31.99000,0.81979
32.00456,32.00000,168.73271,32.00000,-0.96920,32.00000,0.61119
32.01456,32.01000,168.65974,32.01000,-0.68895,32.01000,0.35238
32.02457,32.02000,168.59854,32.02000,-0.41371,32.02000,0.04746
32.03457,32.03000,168.55472,32.03000,-0.15338,32.03000,-0.29755
32.04457,32.04000,168.53238,32.04000,0.08173,32.04000,-0.67498
32.05457,32.05000,168.53365,32.05000,0.28198,32.05000,-1.07587
32.06457,32.06000,168.55832,32.06000,0.43932,32.06000,-1.49055
32.07457,32.07000,168.60365,32.07000,0.54806,32.07000,-1.90910
32.08457,32.08000,168.66446,32.08000,0.60525,32.08000,-2.32183
32.09458,32.09000,168.73341,32.09000,0.61074,32.09000,-2.71960
32.10458,32.10000,168.80171,32.10000,0.56707,32.10000,-3.09398
32.11458,32.11000,168.85983,32.11000,0.47916,32.11000,-3.43732
32.12458,32.12000,168.89836,32.12000,0.35404,32.12000,-3.74282
32.13458,32.13000,168.90878,32.13000,0.20045,32.13000,-4.00471
32.14458,32.14000,168.88419,32.14000,0.02845,32.14000,-4.21843
32.15458,32.15000,168.81969,32.15000,-0.15108,32.15000,-4.38088
32.16459,32.16000,168.71280,32.16000,-0.32696,32.16000,-4.49065
32.17459,32.17000,168.56352,32.17000,-0.48842,32.17000,-4.54817
32.18459,32.18000,168.37422,32.18000,-0.62572,32.18000,-4.55576
32.19459,32.19000,168.14941,32.19000,-0.73084,32.19000,-4.51751
32.20459,32.20000,167.89534,32.20000,-0.79813,32.20000,-4.43917
32.21459,32.21000,167.61952,32.21000,-0.82473,32.21000,-4.32785
32.22459,32.22000,167.33022,32.22000,-0.81079,32.22000,-4.19174
32.23460,32.23000,167.03590,32.23000,-0.75932,32.23000,-4.03973
32.24460,32.24000,166.74478,32.24000,-0.67575,32.24000,-3.88098
32.25460,32.25000,166.46434,32.25000,-0.56730,32.25000,-3.72441
32.26460,32.26000,166.20107,32.26000,-0.44229,32.26000,-3.57817
32.27460,32.27000,165.96030,32.27000,-0.30946,32.27000,-3.44914
32.28460,32.28000,165.74617,32.28000,-0.17746,32.28000,-3.34256
32.29460,32.29000,165.56157,32.29000,-0.05449,32.29000,-3.26176
32.30461,32.30000,165.40823,32.30000,0.05196,32.30000,-3.20814
32.31461,32.31000,165.28677,32.31000,0.13526,32.31000,-3.18141
32.32461,32.32000,165.19675,32.32000,0.18980,32.32000,-3.17984
32.33461,32.33000,165.13677,32.33000,0.21117,32.33000,-3.20076
32.34461,32.34000,165.10451,32.34000,0.19626,32.34000,-3.24093
32.35461,32.35000,165.09689,32.35000,0.14341,32.35000,-3.29703
32.36461,32.36000,165.11021,32.36000,0.05244,32.36000,-3.36596
32.37462,32.37000,165.14027,32.37000,-0.07531,32.37000,-3.44509
32.38462,32.38000,165.18260,32.38000,-0.23697,32.38000,-3.53243
32.39462,32.39000,165.23261,32.39000,-0.42825,32.39000,-3.62664
32.40462,32.40000,165.28575,32.40000,-0.64354,32.40000,-3.72699
32.41462,32.41000,165.33774,32.41000,-0.87611,32.41000,-3.83318
32.42462,32.42000,165.38454,32.42000,-1.11831,32.42000,-3.94516
32.43462,32.43000,165.42255,32.43000,-1.36186,32.43000,-4.06288
32.44463,32.44000,165.44861,32.44000,-1.59821,32.44000,-4.18608
32.45463,32.45000,165.46001,32.45000,-1.81887,32.45000,-4.31407
32.46463,32.46000,165.45448,32.46000,-2.01589,32.46000,-4.44553
32.47463,32.47000,165.43028,32.47000,-2.18231,32.47000,-4.57843
32.48463,32.48000,165.38617,32.48000,-2.31262,32.48000,-4.70996
32.49463,32.49000,165.32141,32.49000,-2.40322,32.49000,-4.83662
32.50463,32.50000,165.23593,32.50000,-2.45264,32.50000,-4.95425
32.51464,32.51000,165.13025,32.51000,-2.46166,32.51000,-5.05824
32.52464,32.52000,165.00555,32.52000,-2.43307,32.52000,-5.14368
32.53464,32.53000,164.86365,32.53000,-2.37137,32.53000,-5.20552
32.54464,32.54000,164.70696,32.54000,-2.28220,32.54000,-5.23881
32.55464,32.55000,164.53842,32.55000,-2.17183,32.55000,-5.23883
32.56464,32.56000,164.36142,32.56000,-2.04665,32.56000,-5.20139
32.57464,32.57000,164.17957,32.57000,-1.91283,32.57000,-5.12308
32.58465,32.58000,163.99654,32.58000,-1.77609,32.58000,-5.00159
32.59465,32.59000,163.81590,32.59000,-1.64167,32.59000,-4.83608
32.60465,32.60000,163.64104,32.60000,-1.51432,32.60000,-4.62744
32.61465,32.61000,163.47531,32.61000,-1.39831,32.61000,-4.37840
32.62465,32.62000,163.32234,32.62000,-1.29756,32.62000,-4.09349
32.63465,32.63000,163.18655,32.63000,-1.21558,32.63000,-3.77880
32.64465,32.64000,163.07344,32.64000,-1.15540,32.64000,-3.44155
32.65466,32.65000,162.98988,32.65000,-1.11934,32.65000,-3.08961
32.66466,32.66000,162.94389,32.66000,-1.10865,32.66000,-2.73102
32.67466,32.67000,162.94414,32.67000,-1.12325,32.67000,-2.37359
32.68466,32.68000,162.99925,32.68000,-1.16157,32.68000,-2.02457
32.69466,32.69000,163.11684,32.69000,-1.22062,32.69000,-1.69056
32.70466,32.70000,163.30267,32.70000,-1.29621,32.70000,-1.37739
32.71466,32.71000,163.56000,32.71000,-1.38326,32.71000,-1.09010
32.72467,32.72000,163.88908,32.72000,-1.47623,32.72000,-0.83283
32.73467,32.73000,164.28702,32.73000,-1.56945,32.73000,-0.60872
32.74467,32.74000,164.74794,32.74000,-1.65758,32.74000,-0.41977
32.75467,32.75000,165.26344,32.75000,-1.73596,32.75000,-0.26672
32.76467,32.76000,165.82321,32.76000,-1.80100,32.76000,-0.14909
32.77467,32.77000,166.41570,32.77000,-1.85048,32.77000,-0.06518
32.78467,32.78000,167.02895,32.78000,-1.88372,32.78000,-0.01229
32.79468,32.79000,167.65120,32.79000,-1.90155,32.79000,0.01311
32.80468,32.80000,168.27155,32.80000,-1.90620,32.80000,0.01512
32.81468,32.81000,168.88026,32.81000,-1.90092,32.81000,-0.00181
32.82468,32.82000,169.46912,32.82000,-1.88953,32.82000,-0.03312
32.83468,32.83000,170.03131,32.83000,-1.87593,32.83000,-0.07428
32.84468,32.84000,170.56145,32.84000,-1.86359,32.84000,-0.12108
32.85468,32.85000,171.05525,32.85000,-1.85515,32.85000,-0.16977
32.86469,32.86000,171.50932,32.86000,-1.85218,32.86000,-0.21725
32.87469,32.87000,171.92096,32.87000,-1.85517,32.87000,-0.26130
32.88469,32.88000,172.28793,32.88000,-1.86358,32.88000,-0.30057
32.89469,32.89000,172.60854,32.89000,-1.87615,32.89000,-0.33461
32.90469,32.90000,172.88161,32.90000,-1.89118,32.90000,-0.36375
32.91469,32.91000,173.10660,32.91000,-1.90686,32.91000,-0.38884
32.92469,32.92000,173.28381,32.92000,-1.92158,32.92000,-0.41100
32.93470,32.93000,173.41447,32.93000,-1.93417,32.93000,-0.43133
32.94470,32.94000,173.50082,32.94000,-1.94408,32.94000,-0.45057
32.95470,32.95000,173.54611,32.95000,-1.95136,32.95000,-0.46896
32.96470,32.96000,173.55473,32.96000,-1.95668,32.96000,-0.48604
32.97470,32.97000,173.53197,32.97000,-1.96114,32.97000,-0.50061
32.98470,32.98000,173.48402,32.98000,-1.96606,32.98000,-0.51079
32.99470,32.99000,173.41774,32.99000,-1.97276,32.99000,-0.51408
33.00471,33.00000,173.34045,33.00000,-1.98226,33.00000,-0.50762
33.01471,33.01000,173.25969,33.01000,-1.99510,33.01000,-0.48842
33.02471,33.02000,173.18288,33.02000,-2.01115,33.02000,-0.45361
33.03471,33.03000,173.11694,33.03000,-2.02947,33.03000,-0.40081
33.04471,33.04000,173.06802,33.04000,-2.04839,33.04000,-0.32840
33.05471,33.05000,173.04102,33.05000,-2.06555,33.05000,-0.23590
33.06471,33.06000,173.03926,33.06000,-2.07810,33.06000,-0.12418
33.07472,33.07000,173.06430,33.07000,-2.08293,33.07000,0.00429
33.08472,33.08000,173.11568,33.08000,-2.07694,33.08000,0.14541
33.09472,33.09000,173.19089,33.09000,-2.05726,33.09000,0.29351
33.10472,33.10000,173.28551,33.10000,-2.02139,33.10000,0.44155
33.11472,33.11000,173.39351,33.11000,-1.96734,33.11000,0.58146
33.12472,33.12000,173.50768,33.12000,-1.89361,33.12000,0.70466
33.13472,33.13000,173.62039,33.13000,-1.79917,33.13000,0.80261
33.14473,33.14000,173.72434,33.14000,-1.68337,33.14000,0.86730
33.15473,33.15000,173.81325,33.15000,-1.54589,33.15000,0.89188
33.16473,33.16000,173.88269,33.16000,-1.38675,33.16000,0.87103
33.17473,33.17000,173.93044,33.17000,-1.20644,33.17000,0.80125
33.18473,33.18000,173.95674,33.18000,-1.00625,33.18000,0.68104
33.19473,33.19000,173.96423,33.19000,-0.78866,33.19000,0.51087
33.20473,33.20000,173.95758,33.20000,-0.55776,33.20000,0.29310
33.21474,33.21000,173.94299,33.21000,-0.31955,33.21000,0.03185
33.22474,33.22000,173.92757,33.22000,-0.08190,33.22000,-0.26721
33.23474,33.23000,173.91846,33.23000,0.14583,33.23000,-0.59707
33.24474,33.24000,173.92209,33.24000,0.35353,33.24000,-0.94972
33.25474,33.25000,173.94328,33.25000,0.53134,33.25000,-1.31652
33.26474,33.26000,173.98447,33.26000,0.67066,33.26000,-1.68879
33.27474,33.27000,174.04523,33.27000,0.76504,33.27000,-2.05824
33.28475,33.28000,174.12203,33.28000,0.81071,33.28000,-2.41748
33.29475,33.29000,174.20834,33.29000,0.80676,33.29000,-2.76009
33.30475,33.30000,174.29520,33.30000,0.75493,33.30000,-3.08061
33.31475,33.31000,174.37195,33.31000,0.65931,33.31000,-3.37425
33.32475,33.32000,174.42723,33.32000,0.52578,33.32000,-3.63660
33.33475,33.33000,174.45006,33.33000,0.36162,33.33000,-3.86345
33.34475,33.34000,174.43070,33.34000,0.17502,33.34000,-4.05086
33.35476,33.35000,174.36151,33.35000,-0.02533,33.35000,-4.19541
33.36476,33.36000,174.23747,33.36000,-0.23063,33.36000,-4.29465
33.37476,33.37000,174.05653,33.37000,-0.43228,33.37000,-4.34760
33.38476,33.38000,173.81967,33.38000,-0.62230,33.38000,-4.35511
33.39476,33.39000,173.53084,33.39000,-0.79359,33.39000,-4.32013
33.40476,33.40000,173.19672,33.40000,-0.94037,33.40000,-4.24763
33.41476,33.41000,172.82631,33.41000,-1.05837,33.41000,-4.14436
33.42477,33.42000,172.43041,33.42000,-1.14515,33.42000,-4.01841
33.43477,33.43000,172.02098,33.43000,-1.20012,33.43000,-3.87865
33.44477,33.44000,171.61057,33.44000,-1.22444,33.44000,-3.73411
33.45477,33.45000,171.21149,33.45000,-1.22080,33.45000,-3.59341
33.46477,33.46000,170.83528,33.46000,-1.19303,33.46000,-3.46415
33.47477,33.47000,170.49208,33.47000,-1.14576,33.47000,-3.35251
33.48477,33.48000,170.19028,33.48000,-1.08415,33.48000,-3.26288
33.49478,33.49000,169.93613,33.49000,-1.01365,33.49000,-3.19772
33.50478,33.50000,169.73366,33.50000,-0.93992,33.50000,-3.15766
33.51478,33.51000,169.58453,33.51000,-0.86877,33.51000,-3.14168
33.52478,33.52000,169.48807,33.52000,-0.80602,33.52000,-3.14761
33.53478,33.53000,169.44125,33.53000,-0.75726,33.53000,-3.17254
33.54478,33.54000,169.43897,33.54000,-0.72753,33.54000,-3.21333
33.55478,33.55000,169.47414,33.55000,-0.72094,33.55000,-3.26698
33.56479,33.56000,169.53819,33.56000,-0.74028,33.56000,-3.33095
33.57479,33.57000,169.62140,33.57000,-0.78669,33.57000,-3.40332
33.58479,33.58000,169.71341,33.58000,-0.85946,33.58000,-3.48280
33.59479,33.59000,169.80382,33.59000,-0.95591,33.59000,-3.56869
33.60479,33.60000,169.88261,33.60000,-1.07138,33.60000,-3.66067
33.61479,33.61000,169.94075,33.61000,-1.19953,33.61000,-3.75860
33.62479,33.62000,169.97060,33.62000,-1.33254,33.62000,-3.86219
33.63480,33.63000,169.96631,33.63000,-1.46168,33.63000,-3.97076
33.64480,33.64000,169.92401,33.64000,-1.57777,33.64000,-4.08307
33.65480,33.65000,169.84195,33.65000,-1.67181,33.65000,-4.19708
33.66480,33.66000,169.72040,33.66000,-1.73563,33.66000,-4.30996
33.67480,33.67000,169.56152,33.67000,-1.76247,33.67000,-4.41807
33.68480,33.68000,169.36900,33.68000,-1.74763,33.68000,-4.51708
33.69480,33.69000,169.14769,33.69000,-1.68899,33.69000,-4.60222
33.70481,33.70000,168.90320,33.70000,-1.58733,33.70000,-4.66857
33.71481,33.71000,168.64134,33.71000,-1.44646,33.71000,-4.71147
33.72481,33.72000,168.36780,33.72000,-1.27296,33.72000,-4.72685
33.73481,33.73000,168.08777,33.73000,-1.07569,33.73000,-4.71160
33.74481,33.74000,167.80580,33.74000,-0.86496,33.74000,-4.66379
33.75481,33.75000,167.52579,33.75000,-0.65160,33.75000,-4.58282
33.76481,33.76000,167.25111,33.76000,-0.44598,33.76000,-4.46939
33.77482,33.77000,166.98499,33.77000,-0.25724,33.77000,-4.32542
33.78482,33.78000,166.73088,33.78000,-0.09272,33.78000,-4.15383
33.79482,33.79000,166.49313,33.79000,0.04223,33.79000,-3.95824
33.80482,33.80000,166.27721,33.80000,0.14421,33.80000,-3.74265
33.81482,33.81000,166.09006,33.81000,0.21151,33.81000,-3.51108
33.82482,33.82000,165.93980,33.82000,0.24387,33.82000,-3.26728
33.83482,33.83000,165.83534,33.83000,0.24213,33.83000,-3.01453
33.84483,33.84000,165.78545,33.84000,0.20814,33.84000,-2.75563
33.85483,33.85000,165.79797,33.85000,0.14455,33.85000,-2.49297
33.86483,33.86000,165.87885,33.86000,0.05485,33.86000,-2.22878
33.87483,33.87000,166.03139,33.87000,-0.05667,33.87000,-1.96534
33.88483,33.88000,166.25583,33.88000,-0.18503,33.88000,-1.70528
33.89483,33.89000,166.54910,33.89000,-0.32474,33.89000,-1.45168
33.90483,33.90000,166.90505,33.90000,-0.47011,33.90000,-1.20813
33.91484,33.91000,167.31488,33.91000,-0.61572,33.91000,-0.97859
33.92484,33.92000,167.76791,33.92000,-0.75680,33.92000,-0.76712
33.93484,33.93000,168.25244,33.93000,-0.88954,33.93000,-0.57752
33.94484,33.94000,168.75658,33.94000,-1.01133,33.94000,-0.41290
33.95484,33.95000,169.26914,33.95000,-1.12074,33.95000,-0.27538
33.96484,33.96000,169.78012,33.96000,-1.21748,33.96000,-0.16580
33.97484,33.97000,170.28124,33.97000,-1.30213,33.97000,-0.08376
33.98485,33.98000,170.76592,33.98000,-1.37592,33.98000,-0.02767
33.99485,33.99000,171.22929,33.99000,-1.44043,33.99000,0.00491
34.00485,34.00000,171.66805,34.00000,-1.49732,34.00000,0.01705
34.01485,34.01000,172.08006,34.01000,-1.54817,34.01000,0.01209
34.02485,34.02000,172.46410,34.02000,-1.59428,34.02000,-0.00665
34.03485,34.03000,172.81944,34.03000,-1.63661,34.03000,-0.03607
34.04485,34.04000,173.14562,34.04000,-1.67578,34.04000,-0.07345
34.05486,34.05000,173.44220,34.05000,-1.71210,34.05000,-0.11654
34.06486,34.06000,173.70865,34.06000,-1.74578,34.06000,-0.16360
34.07486,34.07000,173.94437,34.07000,-1.77703,34.07000,-0.21337
34.08486,34.08000,174.14873,34.08000,-1.80626,34.08000,-0.26494
34.09486,34.09000,174.32126,34.09000,-1.83420,34.09000,-0.31762
34.10486,34.10000,174.46184,34.10000,-1.86193,34.10000,-0.37075
34.11486,34.11000,174.57079,34.11000,-1.89085,34.11000,-0.42352
34.12487,34.12000,174.64905,34.12000,-1.92262,34.12000,-0.47480
34.13487,34.13000,174.69821,34.13000,-1.95890,34.13000,-0.52308
34.14487,34.14000,174.72055,34.14000,-2.00122,34.14000,-0.56648
34.15487,34.15000,174.71893,34.15000,-2.05069,34.15000,-0.60284
34.16487,34.16000,174.69679,34.16000,-2.10776,34.16000,-0.62984
34.17487,34.17000,174.65794,34.17000,-2.17205,34.17000,-0.64522
34.18487,34.18000,174.60649,34.18000,-2.24212,34.18000,-0.64695
34.19488,34.19000,174.54663,34.19000,-2.31548,34.19000,-0.63344
34.20488,34.20000,174.48248,34.20000,-2.38857,34.20000,-0.60368
34.21488,34.21000,174.41786,34.21000,-2.45690,34.21000,-0.55738
34.22488,34.22000,174.35606,34.22000,-2.51524,34.22000,-0.49505
34.23488,34.23000,174.29974,34.23000,-2.55797,34.23000,-0.41809
34.24488,34.24000,174.25064,34.24000,-2.57944,34.24000,-0.32885
34.25488,34.25000,174.20961,34.25000,-2.57438,34.25000,-0.23056
34.26489,34.26000,174.17645,34.26000,-2.53833,34.26000,-0.12739
34.27489,34.27000,174.15004,34.27000,-2.46796,34.27000,-0.02427
34.28489,34.28000,174.12843,34.28000,-2.36126,34.28000,0.07321
34.29489,34.29000,174.10907,34.29000,-2.21768,34.29000,0.15910
34.30489,34.30000,174.08907,34.30000,-2.03807,34.30000,0.22737
34.31489,34.31000,174.06560,34.31000,-1.82457,34.31000,0.27220
34.32489,34.32000,174.03626,34.32000,-1.58053,34.32000,0.28840
34.33489,34.33000,173.99942,34.33000,-1.31041,34.33000,0.27166
34.34490,34.34000,173.95439,34.34000,-1.01987,34.34000,0.21887
34.35490,34.35000,173.90166,34.35000,-0.71574,34.35000,0.12822
34.36490,34.36000,173.84280,34.36000,-0.40615,34.36000,-0.00064
34.37490,34.37000,173.78040,34.37000,-0.10037,34.37000,-0.16663
34.38490,34.38000,173.71774,34.38000,0.19155,34.38000,-0.36731
34.39490,34.39000,173.65851,34.39000,0.45938,34.39000,-0.59906
34.40490,34.40000,173.60609,34.40000,0.69355,34.40000,-0.85730
34.41491,34.41000,173.56308,34.41000,0.88596,34.41000,-1.13687
34.42491,34.42000,173.53052,34.42000,1.03052,34.42000,-1.43224
34.43491,34.43000,173.50751,34.43000,1.12347,34.43000,-1.73789
34.44491,34.44000,173.49097,34.44000,1.16323,34.44000,-2.04835
34.45491,34.45000,173.47586,34.45000,1.15019,34.45000,-2.35824
34.46491,34.46000,173.45567,34.46000,1.08640,34.46000,-2.66209
34.47491,34.47000,173.42317,34.47000,0.97533,34.47000,-2.95414
34.48492,34.48000,173.37119,34.48000,0.82171,34.48000,-3.22827
34.49492,34.49000,173.29327,34.49000,0.63135,34.49000,-3.47811
34.50492,34.50000,173.18437,34.50000,0.41100,34.50000,-3.69734
34.51492,34.51000,173.04115,34.51000,0.16820,34.51000,-3.88018
34.52492,34.52000,172.86212,34.52000,-0.08893,34.52000,-4.02190
34.53492,34.53000,172.64769,34.53000,-0.35191,34.53000,-4.11929
34.54492,34.54000,172.40004,34.54000,-0.61221,34.54000,-4.17101
34.55493,34.55000,172.12294,34.55000,-0.86166,34.55000,-4.17766
34.56493,34.56000,171.82152,34.56000,-1.09278,34.56000,-4.14171
34.57493,34.57000,171.50201,34.57000,-1.29924,34.57000,-4.06725
34.58493,34.58000,171.17139,34.58000,-1.47610,34.58000,-3.95972
34.59493,34.59000,170.83699,34.59000,-1.62001,34.59000,-3.82556
34.60493,34.60000,170.50623,34.60000,-1.72933,34.60000,-3.67188
34.61493,34.61000,170.18619,34.61000,-1.80406,34.61000,-3.50607
34.62494,34.62000,169.88345,34.62000,-1.84577,34.62000,-3.33552
34.63494,34.63000,169.60388,34.63000,-1.85744,34.63000,-3.16717
34.64494,34.64000,169.35255,34.64000,-1.84336,34.64000,-3.00723
34.65494,34.65000,169.13351,34.65000,-1.80895,34.65000,-2.86098
34.66494,34.66000,168.94975,34.66000,-1.76062,34.66000,-2.73266
34.67494,34.67000,168.80295,34.67000,-1.70549,34.67000,-2.62551
34.68494,34.68000,168.69341,34.68000,-1.65094,34.68000,-2.54188
34.69495,34.69000,168.61974,34.69000,-1.60413,34.69000,-2.48338
34.70495,34.70000,168.57889,34.70000,-1.57138,34.70000,-2.45094
34.71495,34.71000,168.56607,34.71000,-1.55766,34.71000,-2.44496
34.72495,34.72000,168.57489,34.72000,-1.56627,34.72000,-2.46525
34.73495,34.73000,168.59758,34.73000,-1.59863,34.73000,-2.51115
34.74495,34.74000,168.62538,34.74000,-1.65423,34.74000,-2.58147
34.75495,34.75000,168.64899,34.75000,-1.73072,34.75000,-2.67452
34.76496,34.76000,168.65904,34.76000,-1.82402,34.76000,-2.78805
34.77496,34.77000,168.64681,34.77000,-1.92859,34.77000,-2.91927
34.78496,34.78000,168.60465,34.78000,-2.03764,34.78000,-3.06484
34.79496,34.79000,168.52660,34.79000,-2.14356,34.79000,-3.22082
34.80496,34.80000,168.40874,34.80000,-2.23823,34.80000,-3.38280
34.81496,34.81000,168.24953,34.81000,-2.31360,34.81000,-3.54586
34.82496,34.82000,168.04991,34.82000,-2.36225,34.82000,-3.70473
34.83497,34.83000,167.81317,34.83000,-2.37799,34.83000,-3.85394
34.84497,34.84000,167.54483,34.84000,-2.35652,34.84000,-3.98793
34.85497,34.85000,167.25211,34.85000,-2.29583,34.85000,-4.10127
34.86497,34.86000,166.94356,34.86000,-2.19654,34.86000,-4.18882
34.87497,34.87000,166.62846,34.87000,-2.06185,34.87000,-4.24586
34.88497,34.88000,166.31635,34.88000,-1.89735,34.88000,-4.26821
34.89497,34.89000,166.01642,34.89000,-1.71048,34.89000,-4.25241
34.90498,34.90000,165.73708,34.90000,-1.50990,34.90000,-4.19588
34.91498,34.91000,165.48544,34.91000,-1.30469,34.91000,-4.09712
34.92498,34.92000,165.26706,34.92000,-1.10366,34.92000,-3.95597
34.93498,34.93000,165.08582,34.93000,-0.91472,34.93000,-3.77378
34.94498,34.94000,164.94418,34.94000,-0.74462,34.94000,-3.55357
34.95498,34.95000,164.84378,34.95000,-0.59875,34.95000,-3.29999
34.96498,34.96000,164.78595,34.96000,-0.48114,34.96000,-3.01909
34.97499,34.97000,164.77242,34.97000,-0.39451,34.97000,-2.71793
34.98499,34.98000,164.80566,34.98000,-0.34017,34.98000,-2.40405
34.99499,34.99000,164.88884,34.99000,-0.31793,34.99000,-2.08493
35.00499,35.00000,165.02538,35.00000,-0.32601,35.00000,-1.76757
35.01499,35.01000,165.21834,35.01000,-0.36105,35.01000,-1.45819
35.02499,35.02000,165.46971,35.02000,-0.41825,35.02000,-1.16216
35.03499,35.03000,165.77976,35.03000,-0.49169,35.03000,-0.88398
35.04500,35.04000,166.14652,35.04000,-0.57482,35.04000,-0.62735
35.05500,35.05000,166.56567,35.05000,-0.66094,35.05000,-0.39529
35.06500,35.06000,167.03056,35.06000,-0.74377,35.06000,-0.19008
35.07500,35.07000,167.53249,35.07000,-0.81796,35.07000,-0.01336
35.08500,35.08000,168.06126,35.08000,-0.87948,35.08000,0.13402
35.09500,35.09000,168.60588,35.09000,-0.92591,35.09000,0.25196
35.10500,35.10000,169.15518,35.10000,-0.95652,35.10000,0.34115
35.11501,35.11000,169.69858,35.11000,-0.97225,35.11000,0.40303
35.12501,35.12000,170.22656,35.12000,-0.97545,35.12000,0.43974
35.13501,35.13000,170.73114,35.13000,-0.96949,35.13000,0.45401
35.14501,35.14000,171.20593,35.14000,-0.95830,35.14000,0.44905
35.15501,35.15000,171.64626,35.15000,-0.94582,35.15000,0.42842
35.16501,35.16000,172.04892,35.16000,-0.93556,35.16000,0.39586
35.17501,35.17000,172.41190,35.17000,-0.93021,35.17000,0.35505
35.18502,35.18000,172.73401,35.18000,-0.93147,35.18000,0.30946
35.19502,35.19000,173.01463,35.19000,-0.94001,35.19000,0.26214
35.20502,35.20000,173.25353,35.20000,-0.95559,35.20000,0.21567
35.21502,35.21000,173.45064,35.21000,-0.97730,35.21000,0.17211
35.22502,35.22000,173.60625,35.22000,-1.00386,35.22000,0.13310
35.23502,35.23000,173.72099,35.23000,-1.03390,35.23000,0.10005
35.24502,35.24000,173.79599,35.24000,-1.06615,35.24000,0.07435
35.25503,35.25000,173.83304,35.25000,-1.09959,35.25000,0.05752
35.26503,35.26000,173.83467,35.26000,-1.13348,35.26000,0.05139
35.27503,35.27000,173.80417,35.27000,-1.16725,35.27000,0.05809
35.28503,35.28000,173.74564,35.28000,-1.20043,35.28000,0.07995
35.29503,35.29000,173.66391,35.29000,-1.23245,35.29000,0.11933
35.30503,35.30000,173.56448,35.30000,-1.26255,35.30000,0.17834
35.31503,35.31000,173.45329,35.31000,-1.28958,35.31000,0.25857
35.32504,35.32000,173.33655,35.32000,-1.31198,35.32000,0.36084
35.33504,35.33000,173.22046,35.33000,-1.32776,35.33000,0.48492
35.34504,35.34000,173.11090,35.34000,-1.33451,35.34000,0.62944
35.35504,35.35000,173.01305,35.35000,-1.32956,35.35000,0.79166
35.36504,35.36000,172.93105,35.36000,-1.31015,35.36000,0.96750
35.37504,35.37000,172.86772,35.37000,-1.27363,35.37000,1.15157
35.38504,35.38000,172.82433,35.38000,-1.21769,35.38000,1.33724
35.39505,35.39000,172.80042,35.39000,-1.14049,35.39000,1.51691
35.40505,35.40000,172.79392,35.40000,-1.04079,35.40000,1.68234
35.41505,35.41000,172.80132,35.41000,-0.91790,35.41000,1.82508
35.42505,35.42000,172.81798,35.42000,-0.77163,35.42000,1.93696
35.43505,35.43000,172.83868,35.43000,-0.60214,35.43000,2.01054
35.44505,35.44000,172.85811,35.44000,-0.40994,35.44000,2.03954
35.45505,35.45000,172.87148,35.45000,-0.19590,35.45000,2.01910
35.46506,35.46000,172.87502,35.46000,0.03853,35.46000,1.94603
35.47506,35.47000,172.86646,35.47000,0.29101,35.47000,1.81879
35.48506,35.48000,172.84522,35.48000,0.55785,35.48000,1.63756
35.49506,35.49000,172.81249,35.49000,0.83359,35.49000,1.40411
35.50506,35.50000,172.77116,35.50000,1.11085,35.50000,1.12176
35.51506,35.51000,172.72542,35.51000,1.38040,35.51000,0.79526
35.52506,35.52000,172.68025,35.52000,1.63170,35.52000,0.43064
35.53507,35.53000,172.64061,35.53000,1.85370,35.53000,0.03510
35.54507,35.54000,172.61066,35.54000,2.03588,35.54000,-0.38338
35.55507,35.55000,172.59293,35.55000,2.16914,35.55000,-0.81622
35.56507,35.56000,172.58781,35.56000,2.24658,35.56000,-1.25460
35.57507,35.57000,172.59335,35.57000,2.26401,35.57000,-1.68964
35.58507,35.58000,172.60550,35.58000,2.22016,35.58000,-2.11248
35.59507,35.59000,172.61856,35.59000,2.11672,35.59000,-2.51445
35.60508,35.60000,172.62598,35.60000,1.95822,35.60000,-2.88712
35.61508,35.61000,172.62108,35.61000,1.75176,35.61000,-3.22264
35.62508,35.62000,172.59776,35.62000,1.50663,35.62000,-3.51409
35.63508,35.63000,172.55100,35.63000,1.23384,35.63000,-3.75599
35.64508,35.64000,172.47711,35.64000,0.94558,35.64000,-3.94485
35.65508,35.65000,172.37405,35.65000,0.65450,35.65000,-4.07947
35.66508,35.66000,172.24139,35.66000,0.37306,35.66000,-4.16111
35.67509,35.67000,172.08032,35.67000,0.11269,35.67000,-4.19335
35.68509,35.68000,171.89351,35.68000,-0.11686,35.68000,-4.18170
35.69509,35.69000,171.68495,35.69000,-0.30809,35.69000,-4.13309
35.70509,35.70000,171.45973,35.70000,-0.45628,35.70000,-4.05525
35.71509,35.71000,171.22368,35.71000,-0.55966,35.71000,-3.95617
35.72509,35.72000,170.98315,35.72000,-0.61944,35.72000,-3.84356
35.73509,35.73000,170.74472,35.73000,-0.63953,35.73000,-3.72447
35.74510,35.74000,170.51491,35.74000,-0.62603,35.74000,-3.60494
35.75510,35.75000,170.30000,35.75000,-0.58662,35.75000,-3.48971
35.76510,35.76000,170.10594,35.76000,-0.52987,35.76000,-3.38212
35.77510,35.77000,169.93825,35.77000,-0.46457,35.77000,-3.28409
35.78510,35.78000,169.80190,35.78000,-0.39915,35.78000,-3.19623
35.79510,35.79000,169.70125,35.79000,-0.34120,35.79000,-3.11810
35.80510,35.80000,169.63998,35.80000,-0.29705,35.80000,-3.04853
35.81511,35.81000,169.62080,35.81000,-0.27138,35.81000,-2.98604
35.82511,35.82000,169.64520,35.82000,-0.26687,35.82000,-2.92916
35.83511,35.83000,169.71333,35.83000,-0.28402,35.83000,-2.87676
35.84511,35.84000,169.82370,35.84000,-0.32102,35.84000,-2.82830
35.85511,35.85000,169.97313,35.85000,-0.37396,35.85000,-2.78404
35.86511,35.86000,170.15665,35.86000,-0.43708,35.86000,-2.74511
35.87511,35.87000,170.36765,35.87000,-0.50327,35.87000,-2.71362
35.88512,35.88000,170.59798,35.88000,-0.56470,35.88000,-2.69252
35.89512,35.89000,170.83827,35.89000,-0.61349,35.89000,-2.68550
35.90512,35.90000,171.07840,35.90000,-0.64236,35.90000,-2.69669
35.91512,35.91000,171.30783,35.91000,-0.64530,35.91000,-2.73031
35.92512,35.92000,171.51630,35.92000,-0.61797,35.92000,-2.79017
35.93512,35.93000,171.69423,35.93000,-0.55806,35.93000,-2.87912
35.94512,35.94000,171.83342,35.94000,-0.46530,35.94000,-2.99852
35.95513,35.95000,171.92740,35.95000,-0.34147,35.95000,-3.14767
35.96513,35.96000,171.97182,35.96000,-0.19012,35.96000,-3.32340
35.97513,35.97000,171.96472,35.97000,-0.01630,35.97000,-3.51994
35.98513,35.98000,171.90653,35.98000,0.17380,35.98000,-3.72899
35.99513,35.99000,171.79999,35.99000,0.37328,35.99000,-3.94011
36.00513,36.00000,171.64995,36.00000,0.57502,36.00000,-4.14144
36.01513,36.01000,171.46309,36.01000,0.77211,36.01000,-4.32057
36.02514,36.02000,171.24756,36.02000,0.95827,36.02000,-4.46552
36.03514,36.03000,171.01253,36.03000,1.12819,36.03000,-4.56582
36.04514,36.04000,170.76770,36.04000,1.27770,36.04000,-4.61337
36.05514,36.05000,170.52275,36.05000,1.40390,36.05000,-4.60311
36.06514,36.06000,170.28658,36.06000,1.50516,36.06000,-4.53348
36.07514,36.07000,170.06696,36.07000,1.58103,36.07000,-4.40638
36.08514,36.08000,169.87026,36.08000,1.63204,36.08000,-4.22690
36.09515,36.09000,169.70157,36.09000,1.65932,36.09000,-4.00268
36.10515,36.10000,169.56523,36.10000,1.66428,36.10000,-3.74307
36.11515,36.11000,169.46527,36.11000,1.64841,36.11000,-3.45820
36.12515,36.12000,169.40593,36.12000,1.61330,36.12000,-3.15813
36.13515,36.13000,169.39180,36.13000,1.56084,36.13000,-2.85206
36.14515,36.14000,169.42777,36.14000,1.49360,36.14000,-2.54786
36.15515,36.15000,169.51856,36.15000,1.41503,36.15000,-2.25185
36.16516,36.16000,169.66818,36.16000,1.32962,36.16000,-1.96885
36.17516,36.17000,169.87941,36.17000,1.24276,36.17000,-1.70233
36.18516,36.18000,170.15321,36.18000,1.16044,36.18000,-1.45472
36.19516,36.19000,170.48843,36.19000,1.08882,36.19000,-1.22762
36.20516,36.20000,170.88161,36.20000,1.03363,36.20000,-1.02203
36.21516,36.21000,171.32706,36.21000,0.99969,36.21000,-0.83851
36.22516,36.22000,171.81709,36.22000,0.99039,36.22000,-0.67719
36.23517,36.23000,172.34251,36.23000,1.00733,36.23000,-0.53790
36.24517,36.24000,172.89308,36.24000,1.05021,36.24000,-0.42017
36.25517,36.25000,173.45821,36.25000,1.11685,36.25000,-0.32328
36.26517,36.26000,174.02760,36.26000,1.20348,36.26000,-0.24628
36.27517,36.27000,174.59178,36.27000,1.30510,36.27000,-0.18803
36.28517,36.28000,175.14261,36.28000,1.41593,36.28000,-0.14721
36.29517,36.29000,175.67358,36.29000,1.52986,36.29000,-0.12235
36.30518,36.30000,176.17996,36.30000,1.64095,36.30000,-0.11179
36.31518,36.31000,176.65878,36.31000,1.74379,36.31000,-0.11379
36.32518,36.32000,177.10875,36.32000,1.83377,36.32000,-0.12653
36.33518,36.33000,177.52997,36.33000,1.90720,36.33000,-0.14824
36.34518,36.34000,177.92375,36.34000,1.96139,36.34000,-0.17722
36.35518,36.35000,178.29242,36.35000,1.99449,36.35000,-0.21194
36.36518,36.36000,178.63913,36.36000,2.00543,36.36000,-0.25103
36.37519,36.37000,178.96777,36.37000,1.99365,36.37000,-0.29331
36.38519,36.38000,179.28290,36.38000,1.95901,36.38000,-0.33769
36.39519,36.39000,179.58971,36.39000,1.90170,36.39000,-0.38316
36.40519,36.40000,179.89401,36.40000,1.82215,36.40000,-0.42865
36.41519,36.41000,180.20212,36.41000,1.72109,36.41000,-0.47303
36.42519,36.42000,180.52068,36.42000,1.59961,36.42000,-0.51506
36.43519,36.43000,180.85657,36.43000,1.45925,36.43000,-0.55342
36.44520,36.44000,181.21658,36.44000,1.30208,36.44000,-0.58677
36.45520,36.45000,181.60712,36.45000,1.13078,36.45000,-0.61385
36.46520,36.46000,182.03391,36.46000,0.94864,36.46000,-0.63357
36.47520,36.47000,182.50162,36.47000,0.75950,36.47000,-0.64515
36.48520,36.48000,183.01363,36.48000,0.56768,36.48000,-0.64825
36.49520,36.49000,183.57163,36.49000,0.37779,36.49000,-0.64304
36.50520,36.50000,184.17554,36.50000,0.19445,36.50000,-0.63025
36.51521,36.51000,184.82336,36.51000,0.02211,36.51000,-0.61118
36.52521,36.52000,185.51126,36.52000,-0.13536,36.52000,-0.58762
36.53521,36.53000,186.23373,36.53000,-0.27487,36.53000,-0.56175
36.54521,36.54000,186.98395,36.54000,-0.39442,36.54000,-0.53596
36.55521,36.55000,187.75427,36.55000,-0.49321,36.55000,-0.51261
36.56521,36.56000,188.53670,36.56000,-0.57165,36.56000,-0.49385
36.57521,36.57000,189.32352,36.57000,-0.63121,36.57000,-0.48135
36.58522,36.58000,190.10773,36.58000,-0.67411,36.58000,-0.47621
36.59522,36.59000,190.88353,36.59000,-0.70294,36.59000,-0.47885
36.60522,36.60000,191.64677,36.60000,-0.72029,36.60000,-0.48910
36.61522,36.61000,192.39519,36.61000,-0.72840,36.61000,-0.50633
36.62522,36.62000,193.12856,36.62000,-0.72900,36.62000,-0.52959
36.63522,36.63000,193.84880,36.63000,-0.72343,36.63000,-0.55788
36.64522,36.64000,194.55991,36.64000,-0.71288,36.64000,-0.59038
36.65523,36.65000,195.26772,36.65000,-0.69884,36.65000,-0.62656
36.66523,36.66000,195.97966,36.66000,-0.68353,36.66000,-0.66628
36.67523,36.67000,196.70456,36.67000,-0.67009,36.67000,-0.70973
36.68523,36.68000,197.45204,36.68000,-0.66265,36.68000,-0.75736
36.69523,36.69000,198.23212,36.69000,-0.66610,36.69000,-0.80978
36.70523,36.70000,199.05446,36.70000,-0.68564,36.70000,-0.86773
36.71523,36.71000,199.92772,36.71000,-0.72628,36.71000,-0.93211
36.72524,36.72000,200.85899,36.72000,-0.79237,36.72000,-1.00402
36.73524,36.73000,201.85332,36.73000,-0.88708,36.73000,-1.08485
36.74524,36.74000,202.91339,36.74000,-1.01224,36.74000,-1.17625
36.75524,36.75000,204.03957,36.75000,-1.16823,36.75000,-1.27999
36.76524,36.76000,205.22995,36.76000,-1.35410,36.76000,-1.39772
36.77524,36.77000,206.48070,36.77000,-1.56777,36.77000,-1.53058
36.78524,36.78000,207.78645,36.78000,-1.80620,36.78000,-1.67882
36.79525,36.79000,209.14079,36.79000,-2.06565,36.79000,-1.84137
36.80525,36.80000,210.53662,36.80000,-2.34180,36.80000,-2.01571
36.81525,36.81000,211.96654,36.81000,-2.62994,36.81000,-2.19776
36.82525,36.82000,213.42313,36.82000,-2.92514,36.82000,-2.38208
36.83525,36.83000,214.89914,36.83000,-3.22231,36.83000,-2.56228
36.84525,36.84000,216.38757,36.84000,-3.51632,36.84000,-2.73160
36.85525,36.85000,217.88187,36.85000,-3.80209,36.85000,-2.88352
36.86526,36.86000,219.37587,36.86000,-4.07462,36.86000,-3.01248
36.87526,36.87000,220.86404,36.87000,-4.32914,36.87000,-3.11439
36.88526,36.88000,222.34164,36.88000,-4.56114,36.88000,-3.18704
36.89526,36.89000,223.80483,36.89000,-4.76653,36.89000,-3.23025
36.90526,36.90000,225.25099,36.90000,-4.94168,36.90000,-3.24579
36.91526,36.91000,226.67880,36.91000,-5.08351,36.91000,-3.23711
36.92526,36.92000,228.08835,36.92000,-5.18954,36.92000,-3.20900
36.93527,36.93000,229.48111,36.93000,-5.25796,36.93000,-3.16710
36.94527,36.94000,230.85986,36.94000,-5.28767,36.94000,-3.11754
36.95527,36.95000,232.22855,36.95000,-5.27840,36.95000,-3.06651
36.96527,36.96000,233.59203,36.96000,-5.23077,36.96000,-3.01999
36.97527,36.97000,234.95584,36.97000,-5.14643,36.97000,-2.98345
36.98527,36.98000,236.32588,36.98000,-5.02806,36.98000,-2.96173
36.99527,36.99000,237.70805,36.99000,-4.87940,36.99000,-2.95887
37.00528,37.00000,239.10796,37.00000,-4.70518,37.00000,-2.97804
37.01528,37.01000,240.53052,37.01000,-4.51087,37.01000,-3.02149
37.02528,37.02000,241.97957,37.02000,-4.30248,37.02000,-3.09055
37.03528,37.03000,243.45760,37.03000,-4.08620,37.03000,-3.18557
37.04528,37.04000,244.96541,37.04000,-3.86804,37.04000,-3.30596
37.05528,37.05000,246.50198,37.05000,-3.65344,37.05000,-3.45018
37.06528,37.06000,248.06433,37.06000,-3.44693,37.06000,-3.61575
37.07529,37.07000,249.64746,37.07000,-3.25192,37.07000,-3.79928
37.08529,37.08000,251.24455,37.08000,-3.07055,37.08000,-3.99657
37.09529,37.09000,252.84714,37.09000,-2.90365,37.09000,-4.20275
37.10529,37.10000,254.44537,37.10000,-2.75084,37.10000,-4.41243
37.11529,37.11000,256.02863,37.11000,-2.61069,37.11000,-4.61998
37.12529,37.12000,257.58588,37.12000,-2.48094,37.12000,-4.81983
37.13529,37.13000,259.10629,37.13000,-2.35877,37.13000,-5.00678
37.14530,37.14000,260.57990,37.14000,-2.24109,37.14000,-5.17625
37.15530,37.15000,261.99799,37.15000,-2.12481,37.15000,-5.32456
37.16530,37.16000,263.35361,37.16000,-2.00703,37.16000,-5.44910
37.17530,37.17000,264.64191,37.17000,-1.88530,37.17000,-5.54838
37.18530,37.18000,265.86038,37.18000,-1.75774,37.18000,-5.62204
37.19530,37.19000,267.00885,37.19000,-1.62317,37.19000,-5.67081
37.20530,37.20000,268.08960,37.20000,-1.48119,37.20000,-5.69628
37.21531,37.21000,269.10709,37.21000,-1.33214,37.21000,-5.70079
37.22531,37.22000,270.06775,37.22000,-1.17710,37.22000,-5.68713
37.23531,37.23000,270.97989,37.23000,-1.01782,37.23000,-5.65839
37.24531,37.24000,271.85318,37.24000,-0.85665,37.24000,-5.61766
37.25531,37.25000,272.69833,37.25000,-0.69645,37.25000,-5.56789
37.26531,37.26000,273.52667,37.26000,-0.54047,37.26000,-5.51172
37.27531,37.27000,274.34955,37.27000,-0.39218,37.27000,-5.45130
37.28532,37.28000,275.17783,37.28000,-0.25501,37.28000,-5.38824
37.29532,37.29000,276.02121,37.29000,-0.13207,37.29000,-5.32354
37.30532,37.30000,276.88785,37.30000,-0.02575,37.30000,-5.25760
37.31532,37.31000,277.78381,37.31000,0.06258,37.31000,-5.19024
37.32532,37.32000,278.71307,37.32000,0.13287,37.32000,-5.12083
37.33532,37.33000,279.67737,37.33000,0.18648,37.33000,-5.04840
37.34532,37.34000,280.67642,37.34000,0.22625,37.34000,-4.97193
37.35533,37.35000,281.70828,37.35000,0.25627,37.35000,-4.89059
37.36533,37.36000,282.76996,37.36000,0.28154,37.36000,-4.80401
37.37533,37.37000,283.85776,37.37000,0.30755,37.37000,-4.71248
37.38533,37.38000,284.96787,37.38000,0.33972,37.38000,-4.61711
37.39533,37.39000,286.09677,37.39000,0.38287,37.39000,-4.51980
37.40533,37.40000,287.24152,37.40000,0.44081,37.40000,-4.42314
37.41533,37.41000,288.39984,37.41000,0.51591,37.41000,-4.33018
37.42534,37.42000,289.57019,37.42000,0.60898,37.42000,-4.24414
37.43534,37.43000,290.75162,37.43000,0.71916,37.43000,-4.16809
37.44534,37.44000,291.94351,37.44000,0.84403,37.44000,-4.10458
37.45534,37.45000,293.14551,37.45000,0.97983,37.45000,-4.05545
37.46534,37.46000,294.35712,37.46000,1.12175,37.46000,-4.02159
37.47534,37.47000,295.57764,37.47000,1.26433,37.47000,-4.00301
37.48534,37.48000,296.80588,37.48000,1.40189,37.48000,-3.99878
37.49535,37.49000,298.04025,37.49000,1.52896,37.49000,-4.00730
37.50535,37.50000,299.27863,37.50000,1.64066,37.50000,-4.02649
37.51535,37.51000,300.51865,37.51000,1.73300,37.51000,-4.05401
37.52535,37.52000,301.75769,37.52000,1.80305,37.52000,-4.08754
37.53535,37.53000,302.99310,37.53000,1.84910,37.53000,-4.12493
37.54535,37.54000,304.22244,37.54000,1.87050,37.54000,-4.16432
37.55535,37.55000,305.44351,37.55000,1.86760,37.55000,-4.20420
37.56536,37.56000,306.65445,37.56000,1.84147,37.56000,-4.24342
37.57536,37.57000,307.85379,37.57000,1.79366,37.57000,-4.28116
37.58536,37.58000,309.04034,37.58000,1.72601,37.58000,-4.31686
37.59536,37.59000,310.21326,37.59000,1.64040,37.59000,-4.35013
37.60536,37.60000,311.37180,37.60000,1.53871,37.60000,-4.38069
37.61536,37.61000,312.51523,37.61000,1.42275,37.61000,-4.40833
37.62536,37.62000,313.64276,37.62000,1.29434,37.62000,-4.43279
37.63537,37.63000,314.75333,37.63000,1.15540,37.63000,-4.45377
37.64537,37.64000,315.84564,37.64000,1.00806,37.64000,-4.47092
37.65537,37.65000,316.91800,37.65000,0.85478,37.65000,-4.48386
37.66537,37.66000,317.96845,37.66000,0.69836,37.66000,-4.49216
37.67537,37.67000,318.99469,37.67000,0.54189,37.67000,-4.49544
37.68537,37.68000,319.99435,37.68000,0.38864,37.68000,-4.49334
37.69537,37.69000,320.96506,37.69000,0.24181,37.69000,-4.48558
37.70538,37.70000,321.90457,37.70000,0.10429,37.70000,-4.47191
37.71538,37.71000,322.81107,37.71000,-0.02162,37.71000,-4.45214
37.72538,37.72000,323.68320,37.72000,-0.13442,37.72000,-4.42607
37.73538,37.73000,324.52023,37.73000,-0.23358,37.73000,-4.39348
37.74538,37.74000,325.32224,37.74000,-0.31953,37.74000,-4.35410
37.75538,37.75000,326.09003,37.75000,-0.39362,37.75000,-4.30769
37.76538,37.76000,326.82523,37.76000,-0.45787,37.76000,-4.25406
37.77539,37.77000,327.53040,37.77000,-0.51472,37.77000,-4.19322
37.78539,37.78000,328.20874,37.78000,-0.56667,37.78000,-4.12549
37.79539,37.79000,328.86423,37.79000,-0.61611,37.79000,-4.05159
37.80539,37.80000,329.50131,37.80000,-0.66503,37.80000,-3.97266
37.81539,37.81000,330.12463,37.81000,-0.71507,37.81000,-3.89030
37.82539,37.82000,330.73862,37.82000,-0.76748,37.82000,-3.80642
37.83539,37.83000,331.34717,37.83000,-0.82320,37.83000,-3.72312
37.84540,37.84000,331.95322,37.84000,-0.88292,37.84000,-3.64255
37.85540,37.85000,332.55859,37.85000,-0.94713,37.85000,-3.56665
37.86540,37.86000,333.16397,37.86000,-1.01603,37.86000,-3.49702
37.87540,37.87000,333.76883,37.87000,-1.08954,37.87000,-3.43477
37.88540,37.88000,334.37180,37.88000,-1.16720,37.88000,-3.38037
37.89540,37.89000,334.97076,37.89000,-1.24819,37.89000,-3.33369
37.90540,37.90000,335.56348,37.90000,-1.33130,37.90000,-3.29402
37.91541,37.91000,336.14764,37.91000,-1.41510,37.91000,-3.26017
37.92541,37.92000,336.72141,37.92000,-1.49802,37.92000,-3.23063
37.93541,37.93000,337.28348,37.93000,-1.57855,37.93000,-3.20371
37.94541,37.94000,337.83337,37.94000,-1.65540,37.94000,-3.17773
37.95541,37.95000,338.37140,37.95000,-1.72759,37.95000,-3.15113
37.96541,37.96000,338.89859,37.96000,-1.79460,37.96000,-3.12262
37.97541,37.97000,339.41672,37.97000,-1.85630,37.97000,-3.09120
37.98542,37.98000,339.92786,37.98000,-1.91299,37.98000,-3.05620
37.99542,37.99000,340.43433,37.99000,-1.96524,37.99000,-3.01726
38.00542,38.00000,340.93839,38.00000,-2.01376,38.00000,-2.97424
38.01542,38.01000,341.44196,38.01000,-2.05929,38.01000,-2.92718
38.02542,38.02000,341.94638,38.02000,-2.10238,38.02000,-2.87622
38.03542,38.03000,342.45245,38.03000,-2.14336,38.03000,-2.82150
38.04542,38.04000,342.96014,38.04000,-2.18217,38.04000,-2.76314
38.05543,38.05000,343.46872,38.05000,-2.21843,38.05000,-2.70121
38.06543,38.06000,343.97662,38.06000,-2.25139,38.06000,-2.63572
38.07543,38.07000,344.48178,38.07000,-2.28007,38.07000,-2.56666
38.08543,38.08000,344.98142,38.08000,-2.30341,38.08000,-2.49407
38.09543,38.09000,345.47250,38.09000,-2.32034,38.09000,-2.41804
38.10543,38.10000,345.95169,38.10000,-2.33003,38.10000,-2.33880
38.11543,38.11000,346.41559,38.11000,-2.33196,38.11000,-2.25670
38.12544,38.12000,346.86096,38.12000,-2.32604,38.12000,-2.17228
38.13544,38.13000,347.28494,38.13000,-2.31267,38.13000,-2.08618
38.14544,38.14000,347.68506,38.14000,-2.29270,38.14000,-1.99915
38.15544,38.15000,348.05945,38.15000,-2.26738,38.15000,-1.91198
38.16544,38.16000,348.40695,38.16000,-2.23826,38.16000,-1.82542
38.17544,38.17000,348.72699,38.17000,-2.20704,38.17000,-1.74010
38.18544,38.18000,349.01971,38.18000,-2.17543,38.18000,-1.65651
38.19545,38.19000,349.28583,38.19000,-2.14507,38.19000,-1.57488
38.20545,38.20000,349.52652,38.20000,-2.11740,38.20000,-1.49524
38.21545,38.21000,349.74335,38.21000,-2.09362,38.21000,-1.41736
38.22545,38.22000,349.93808,38.22000,-2.07465,38.22000,-1.34083
38.23545,38.23000,350.11261,38.23000,-2.06111,38.23000,-1.26510
38.24545,38.24000,350.26895,38.24000,-2.05330,38.24000,-1.18954
38.25545,38.25000,350.40906,38.25000,-2.05126,38.25000,-1.11357
38.26546,38.26000,350.53482,38.26000,-2.05470,38.26000,-1.03668
38.27546,38.27000,350.64813,38.27000,-2.06308,38.27000,-0.95854
38.28546,38.28000,350.75085,38.28000,-2.07566,38.28000,-0.87906
38.29546,38.29000,350.84479,38.29000,-2.09147,38.29000,-0.79840
38.30546,38.30000,350.93167,38.30000,-2.10947,38.30000,-0.71700
38.31546,38.31000,351.01321,38.31000,-2.12853,38.31000,-0.63557
38.32546,38.32000,351.09106,38.32000,-2.14755,38.32000,-0.55500
38.33547,38.33000,351.16666,38.33000,-2.16551,38.33000,-0.47634
38.34547,38.34000,351.24130,38.34000,-2.18154,38.34000,-0.40070
38.35547,38.35000,351.31598,38.35000,-2.19489,38.35000,-0.32914
38.36547,38.36000,351.39136,38.36000,-2.20502,38.36000,-0.26255
38.37547,38.37000,351.46777,38.37000,-2.21152,38.37000,-0.20164
38.38547,38.38000,351.54529,38.38000,-2.21414,38.38000,-0.14680
38.39547,38.39000,351.62357,38.39000,-2.21276,38.39000,-0.09812
38.40548,38.40000,351.70209,38.40000,-2.20737,38.40000,-0.05532
38.41548,38.41000,351.78003,38.41000,-2.19808,38.41000,-0.01789
38.42548,38.42000,351.85660,38.42000,-2.18509,38.42000,0.01496
38.43548,38.43000,351.93079,38.43000,-2.16874,38.43000,0.04415
38.44548,38.44000,352.00171,38.44000,-2.14949,38.44000,0.07067
38.45548,38.45000,352.06845,38.45000,-2.12792,38.45000,0.09551
38.46548,38.46000,352.13028,38.46000,-2.10470,38.46000,0.11951
38.47549,38.47000,352.18649,38.47000,-2.08058,38.47000,0.14338
38.48549,38.48000,352.23651,38.48000,-2.05634,38.48000,0.16758
38.49549,38.49000,352.27988,38.49000,-2.03274,38.49000,0.19232
38.50549,38.50000,352.31619,38.50000,-2.01050,38.50000,0.21749
38.51549,38.51000,352.34518,38.51000,-1.99020,38.51000,0.24274
38.52549,38.52000,352.36667,38.52000,-1.97229,38.52000,0.26742
38.53549,38.53000,352.38040,38.53000,-1.95704,38.53000,0.29068
38.54550,38.54000,352.38632,38.54000,-1.94453,38.54000,0.31154
38.55550,38.55000,352.38434,38.55000,-1.93466,38.55000,0.32893
38.56550,38.56000,352.37442,38.56000,-1.92712,38.56000,0.34180
38.57550,38.57000,352.35666,38.57000,-1.92149,38.57000,0.34923
38.58550,38.58000,352.33130,38.58000,-1.91725,38.58000,0.35045
38.59550,38.59000,352.29880,38.59000,-1.91384,38.59000,0.34495
38.60550,38.60000,352.25989,38.60000,-1.91072,38.60000,0.33252
38.61551,38.61000,352.21564,38.61000,-1.90742,38.61000,0.31325
38.62551,38.62000,352.16754,38.62000,-1.90358,38.62000,0.28759
38.63551,38.63000,352.11743,38.63000,-1.89901,38.63000,0.25623
38.64551,38.64000,352.06754,38.64000,-1.89369,38.64000,0.22011
38.65551,38.65000,352.02051,38.65000,-1.88779,38.65000,0.18036
38.66551,38.66000,351.97910,38.66000,-1.88173,38.66000,0.13816
38.67551,38.67000,351.94635,38.67000,-1.87614,38.67000,0.09470
38.68552,38.68000,351.92514,38.68000,-1.87189,38.68000,0.05111
38.69552,38.69000,351.91827,38.69000,-1.86995,38.69000,0.00839
38.70552,38.70000,351.92804,38.70000,-1.87137,38.70000,-0.03262
38.71552,38.71000,351.95633,38.71000,-1.87710,38.71000,-0.07125
38.72552,38.72000,352.00427,38.72000,-1.88794,38.72000,-0.10702
38.73552,38.73000,352.07230,38.73000,-1.90440,38.73000,-0.13963
38.74552,38.74000,352.16007,38.74000,-1.92669,38.74000,-0.16896
38.75553,38.75000,352.26642,38.75000,-1.95465,38.75000,-0.19498
38.76553,38.76000,352.38959,38.76000,-1.98785,38.76000,-0.21781
38.77553,38.77000,352.52698,38.77000,-2.02560,38.77000,-0.23758
38.78553,38.78000,352.67551,38.78000,-2.06705,38.78000,-0.25451
38.79553,38.79000,352.83157,38.79000,-2.11138,38.79000,-0.26879
38.80553,38.80000,352.99118,38.80000,-2.15781,38.80000,-0.28062
38.81553,38.81000,353.14996,38.81000,-2.20580,38.81000,-0.29017
38.82554,38.82000,353.30341,38.82000,-2.25505,38.82000,-0.29756
38.83554,38.83000,353.44687,38.83000,-2.30556,38.83000,-0.30285
38.84554,38.84000,353.57562,38.84000,-2.35754,38.84000,-0.30606
38.85554,38.85000,353.68503,38.85000,-2.41140,38.85000,-0.30720
38.86554,38.86000,353.77057,38.86000,-2.46762,38.86000,-0.30625
38.87554,38.87000,353.82800,38.87000,-2.52663,38.87000,-0.30327
38.88554,38.88000,353.85355,38.88000,-2.58875,38.88000,-0.29839
38.89555,38.89000,353.84406,38.89000,-2.65404,38.89000,-0.29192
38.90555,38.90000,353.79721,38.90000,-2.72222,38.90000,-0.28433
38.91555,38.91000,353.71167,38.91000,-2.79261,38.91000,-0.27634
38.92555,38.92000,353.58719,38.92000,-2.86404,38.92000,-0.26889
38.93555,38.93000,353.42477,38.93000,-2.93482,38.93000,-0.26315
38.94555,38.94000,353.22669,38.94000,-3.00273,38.94000,-0.26045
38.95555,38.95000,352.99640,38.95000,-3.06504,38.95000,-0.26219
38.96556,38.96000,352.73840,38.96000,-3.11862,38.96000,-0.26971
38.97556,38.97000,352.45813,38.97000,-3.16000,38.97000,-0.28410
38.98556,38.98000,352.16147,38.98000,-3.18563,38.98000,-0.30603
38.99556,38.99000,351.85458,38.99000,-3.19201,38.99000,-0.33552
39.00556,39.00000,351.54327,39.00000,-3.17599,39.00000,-0.37180
39.01556,39.01000,351.23257,39.01000,-3.13502,39.01000,-0.41322
39.02556,39.02000,350.92639,39.02000,-3.06734,39.02000,-0.45723
39.03557,39.03000,350.62708,39.03000,-2.97223,39.03000,-0.50055
39.04557,39.04000,350.33521,39.04000,-2.85012,39.04000,-0.53942
39.05557,39.05000,350.04974,39.05000,-2.70266,39.05000,-0.57006
39.06557,39.06000,349.76822,39.06000,-2.53265,39.06000,-0.58916
39.07557,39.07000,349.48727,39.07000,-2.34380,39.07000,-0.59431
39.08557,39.08000,349.20331,39.08000,-2.14052,39.08000,-0.58449
39.09557,39.09000,348.91327,39.09000,-1.92749,39.09000,-0.56024
39.10558,39.10000,348.61517,39.10000,-1.70943,39.10000,-0.52373
39.11558,39.11000,348.30887,39.11000,-1.49075,39.11000,-0.47852
39.12558,39.12000,347.99609,39.12000,-1.27549,39.12000,-0.42912
39.13558,39.13000,347.68048,39.13000,-1.06714,39.13000,-0.38046
39.14558,39.14000,347.36716,39.14000,-0.86871,39.14000,-0.33721
39.15558,39.15000,347.06232,39.15000,-0.68273,39.15000,-0.30327
39.16558,39.16000,346.77228,39.16000,-0.51133,39.16000,-0.28134
39.17559,39.17000,346.50314,39.17000,-0.35633,39.17000,-0.27267
39.18559,39.18000,346.26004,39.18000,-0.21922,39.18000,-0.27704
39.19559,39.19000,346.04688,39.19000,-0.10128,39.19000,-0.29294
39.20559,39.20000,345.86630,39.20000,-0.00356,39.20000,-0.31782
39.21559,39.21000,345.71967,39.21000,0.07309,39.21000,-0.34843
39.22559,39.22000,345.60730,39.22000,0.12807,39.22000,-0.38127
39.23559,39.23000,345.52890,39.23000,0.16107,39.23000,-0.41286
39.24560,39.24000,345.48380,39.24000,0.17216,39.24000,-0.44012
39.25560,39.25000,345.47138,39.25000,0.16186,39.25000,-0.46068
39.26560,39.26000,345.49130,39.26000,0.13126,39.26000,-0.47303
39.27560,39.27000,345.54379,39.27000,0.08214,39.27000,-0.47672
39.28560,39.28000,345.62952,39.28000,0.01697,39.28000,-0.47241
39.29560,39.29000,345.74982,39.29000,-0.06106,39.29000,-0.46183
39.30560,39.30000,345.90634,39.30000,-0.14816,39.30000,-0.44762
39.31561,39.31000,346.10107,39.31000,-0.24010,39.31000,-0.43311
39.32561,39.32000,346.33600,39.32000,-0.33246,39.32000,-0.42195
39.33561,39.33000,346.61292,39.33000,-0.42088,39.33000,-0.41778
39.34561,39.34000,346.93314,39.34000,-0.50133,39.34000,-0.42383
39.35561,39.35000,347.29739,39.35000,-0.57038,39.35000,-0.44264
39.36561,39.36000,347.70544,39.36000,-0.62547,39.36000,-0.47581
39.37561,39.37000,348.15598,39.37000,-0.66503,39.37000,-0.52384
39.38561,39.38000,348.64636,39.38000,-0.68869,39.38000,-0.58620
39.39562,39.39000,349.17279,39.39000,-0.69726,39.39000,-0.66136
39.40562,39.40000,349.73001,39.40000,-0.69266,39.40000,-0.74702
39.41562,39.41000,350.31162,39.41000,-0.67775,39.41000,-0.84030
39.42562,39.42000,350.91013,39.42000,-0.65606,39.42000,-0.93799
39.43562,39.43000,351.51727,39.43000,-0.63147,39.43000,-1.03676
39.44562,39.44000,352.12436,39.44000,-0.60788,39.44000,-1.13336
39.45562,39.45000,352.72253,39.45000,-0.58890,39.45000,-1.22480
39.46563,39.46000,353.30322,39.46000,-0.57755,39.46000,-1.30849
39.47563,39.47000,353.85867,39.47000,-0.57610,39.47000,-1.38234
39.48563,39.48000,354.38214,39.48000,-0.58594,39.48000,-1.44490
39.49563,39.49000,354.86829,39.49000,-0.60758,39.49000,-1.49532
39.50563,39.50000,355.31339,39.50000,-0.64070,39.50000,-1.53345
39.51563,39.51000,355.71545,39.51000,-0.68423,39.51000,-1.55972
39.52563,39.52000,356.07416,39.52000,-0.73647,39.52000,-1.57514
39.53564,39.53000,356.39063,39.53000,-0.79519,39.53000,-1.58112
39.54564,39.54000,356.66742,39.54000,-0.85779,39.54000,-1.57941
39.55564,39.55000,356.90805,39.55000,-0.92143,39.55000,-1.57198
39.56564,39.56000,357.11682,39.56000,-0.98325,39.56000,-1.56086
39.57564,39.57000,357.29849,39.57000,-1.04050,39.57000,-1.54813
39.58564,39.58000,357.45798,39.58000,-1.09077,39.58000,-1.53575
39.59564,39.59000,357.60013,39.59000,-1.13212,39.59000,-1.52549
39.60565,39.60000,357.72943,39.60000,-1.16322,39.60000,-1.51885
39.61565,39.61000,357.84992,39.61000,-1.18337,39.61000,-1.51698
39.62565,39.62000,357.96491,39.62000,-1.19251,39.62000,-1.52056
39.63565,39.63000,358.07727,39.63000,-1.19117,39.63000,-1.52973
39.64565,39.64000,358.18909,39.64000,-1.18042,39.64000,-1.54411
39.65565,39.65000,358.30206,39.65000,-1.16174,39.65000,-1.56272
39.66565,39.66000,358.41739,39.66000,-1.13696,39.66000,-1.58406
39.67566,39.67000,358.53601,39.67000,-1.10816,39.67000,-1.60619
39.68566,39.68000,358.65875,39.68000,-1.07752,39.68000,-1.62689
39.69566,39.69000,358.78635,39.69000,-1.04723,39.69000,-1.64372
39.70566,39.70000,358.91968,39.70000,-1.01930,39.70000,-1.65430
39.71566,39.71000,359.05957,39.71000,-0.99551,39.71000,-1.65639
39.72566,39.72000,359.20709,39.72000,-0.97721,39.72000,-1.64809
39.73566,39.73000,359.36328,39.73000,-0.96528,39.73000,-1.62799
39.74567,39.74000,359.52911,39.74000,-0.95998,39.74000,-1.59523
39.75567,39.75000,359.70544,39.75000,-0.96094,39.75000,-1.54965
39.76567,39.76000,359.89282,39.76000,-0.96709,39.76000,-1.49184
39.77567,39.77000,360.09155,39.77000,-0.97666,39.77000,-1.42321
39.78567,39.78000,360.30148,39.78000,-0.98724,39.78000,-1.34605
39.79567,39.79000,360.52216,39.79000,-0.99578,39.79000,-1.26358
39.80567,39.80000,360.75299,39.80000,-0.99870,39.80000,-1.17991
39.81568,39.81000,360.99326,39.81000,-0.99200,39.81000,-1.10007
39.82568,39.82000,361.24240,39.82000,-0.97141,39.82000,-1.02987
39.83568,39.83000,361.50028,39.83000,-0.93259,39.83000,-0.97571
39.84568,39.84000,361.76712,39.84000,-0.87138,39.84000,-0.94428
39.85568,39.85000,362.04367,39.85000,-0.78414,39.85000,-0.94218
39.86568,39.86000,362.33087,39.86000,-0.66818,39.86000,-0.97550
39.87568,39.87000,362.62979,39.87000,-0.52225,39.87000,-1.04936
39.88569,39.88000,362.94104,39.88000,-0.34700,39.88000,-1.16740
39.89569,39.89000,363.26453,39.89000,-0.14545,39.89000,-1.33142
39.90569,39.90000,363.59906,39.90000,0.07674,39.90000,-1.54103
39.91569,39.91000,363.94214,39.91000,0.31125,39.91000,-1.79345
39.92569,39.92000,364.28998,39.92000,0.54742,39.92000,-2.08352
39.93569,39.93000,364.63754,39.93000,0.77294,39.93000,-2.40389
39.94569,39.94000,364.97870,39.94000,0.97483,39.94000,-2.74546
39.95570,39.95000,365.30627,39.95000,1.14058,39.95000,-3.09796
39.96570,39.96000,365.61218,39.96000,1.25934,39.96000,-3.45069
39.97570,39.97000,365.88715,39.97000,1.32281,39.97000,-3.79324
39.98570,39.98000,366.12094,39.98000,1.32593,39.98000,-4.11608
39.99570,39.99000,366.30240,39.99000,1.26712,39.99000,-4.41103
40.00570,40.00000,366.41977,40.00000,1.14829,40.00000,-4.67152
40.01570,40.01000,366.46164,40.01000,0.97452,40.01000,-4.89271
40.02571,40.02000,366.41776,40.02000,0.75360,40.02000,-5.07146
40.03571,40.03000,366.28018,40.03000,0.49536,40.03000,-5.20629
40.04571,40.04000,366.04410,40.04000,0.21092,40.04000,-5.29722
40.05571,40.05000,365.70859,40.05000,-0.08815,40.05000,-5.34574
40.06571,40.06000,365.27676,40.06000,-0.39073,40.06000,-5.35466
40.07571,40.07000,364.75592,40.07000,-0.68690,40.07000,-5.32798
40.08571,40.08000,364.15686,40.08000,-0.96855,40.08000,-5.27073
40.09572,40.09000,363.49356,40.09000,-1.22981,40.09000,-5.18866
40.10572,40.10000,362.78207,40.10000,-1.46717,40.10000,-5.08800
40.11572,40.11000,362.03973,40.11000,-1.67936,40.11000,-4.97515
40.12572,40.12000,361.28427,40.12000,-1.86708,40.12000,-4.85643
40.13572,40.13000,360.53287,40.13000,-2.03249,40.13000,-4.73783
40.14572,40.14000,359.80170,40.14000,-2.17866,40.14000,-4.62484
40.15572,40.15000,359.10519,40.15000,-2.30899,40.15000,-4.52227
40.16573,40.16000,358.45572,40.16000,-2.42664,40.16000,-4.43408
40.17573,40.17000,357.86334,40.17000,-2.53410,40.17000,-4.36315
40.18573,40.18000,357.33575,40.18000,-2.63290,40.18000,-4.31107
40.19573,40.19000,356.87805,40.19000,-2.72358,40.19000,-4.27795
40.20573,40.20000,356.49295,40.20000,-2.80579,40.20000,-4.26226
40.21573,40.21000,356.18073,40.21000,-2.87868,40.21000,-4.26089
40.22573,40.22000,355.93942,40.22000,-2.94129,40.22000,-4.26926
40.23574,40.23000,355.76505,40.23000,-2.99299,40.23000,-4.28175
40.24574,40.24000,355.65167,40.24000,-3.03376,40.24000,-4.29217
40.25574,40.25000,355.59171,40.25000,-3.06439,40.25000,-4.29435
40.26574,40.26000,355.57611,40.26000,-3.08637,40.26000,-4.28271
40.27574,40.27000,355.59454,40.27000,-3.10171,40.27000,-4.25276
40.28574,40.28000,355.63593,40.28000,-3.11256,40.28000,-4.20143
40.29574,40.29000,355.68857,40.29000,-3.12085,40.29000,-4.12727
40.30575,40.30000,355.74063,40.30000,-3.12794,40.30000,-4.03049
40.31575,40.31000,355.78079,40.31000,-3.13430,40.31000,-3.91294
40.32575,40.32000,355.79840,40.32000,-3.13936,40.32000,-3.77797
40.33575,40.33000,355.78424,40.33000,-3.14137,40.33000,-3.63018
40.34575,40.34000,355.73080,40.34000,-3.13747,40.34000,-3.47518
40.35575,40.35000,355.63294,40.35000,-3.12383,40.35000,-3.31922
40.36575,40.36000,355.48801,40.36000,-3.09587,40.36000,-3.16881
40.37576,40.37000,355.29630,40.37000,-3.04860,40.37000,-3.03020
40.38576,40.38000,355.06110,40.38000,-2.97706,40.38000,-2.90891
40.39576,40.39000,354.78845,40.39000,-2.87676,40.39000,-2.80921
40.40576,40.40000,354.48706,40.40000,-2.74425,40.40000,-2.73362
40.41576,40.41000,354.16754,40.41000,-2.57762,40.41000,-2.68251
40.42576,40.42000,353.84171,40.42000,-2.37692,40.42000,-2.65399
40.43576,40.43000,353.52158,40.43000,-2.14449,40.43000,-2.64387
40.44577,40.44000,353.21838,40.44000,-1.88506,40.44000,-2.64605
40.45577,40.45000,352.94168,40.45000,-1.60565,40.45000,-2.65308
40.46577,40.46000,352.69855,40.46000,-1.31526,40.46000,-2.65691
40.47577,40.47000,352.49329,40.47000,-1.02430,40.47000,-2.64971
40.48577,40.48000,352.32758,40.48000,-0.74388,40.48000,-2.62464
40.49577,40.49000,352.20096,40.49000,-0.48496,40.49000,-2.57642
40.50577,40.50000,352.11179,40.50000,-0.25752,40.50000,-2.50167
40.51578,40.51000,352.05820,40.51000,-0.06980,40.51000,-2.39893
40.52578,40.52000,352.03903,40.52000,0.07224,40.52000,-2.26845
40.53578,40.53000,352.05438,40.53000,0.16531,40.53000,-2.11173
40.54578,40.54000,352.10553,40.54000,0.20904,40.54000,-1.93113
40.55578,40.55000,352.19473,40.55000,0.20582,40.55000,-1.72957
40.56578,40.56000,352.32452,40.56000,0.16058,40.56000,-1.51038
40.57578,40.57000,352.49710,40.57000,0.08030,40.57000,-1.27738
40.58579,40.58000,352.71387,40.58000,-0.02655,40.58000,-1.03511
40.59579,40.59000,352.97485,40.59000,-0.15058,40.59000,-0.78889
40.60579,40.60000,353.27866,40.60000,-0.28214,40.60000,-0.54483
40.61579,40.61000,353.62235,40.61000,-0.41192,40.61000,-0.30957
40.62579,40.62000,354.00183,40.62000,-0.53161,40.62000,-0.08982
40.63579,40.63000,354.41193,40.63000,-0.63447,40.63000,0.10817
40.64579,40.64000,354.84683,40.64000,-0.71574,40.64000,0.27926
40.65580,40.65000,355.30029,40.65000,-0.77293,40.65000,0.41983
40.66580,40.66000,355.76572,40.66000,-0.80581,40.66000,0.52813
40.67580,40.67000,356.23633,40.67000,-0.81621,40.67000,0.60432
40.68580,40.68000,356.70511,40.68000,-0.80768,40.68000,0.65030
40.69580,40.69000,357.16513,40.69000,-0.78492,40.69000,0.66936
40.70580,40.70000,357.60956,40.70000,-0.75330,40.70000,0.66576
40.71580,40.71000,358.03189,40.71000,-0.71819,40.71000,0.64423
40.72581,40.72000,358.42615,40.72000,-0.68452,40.72000,0.60950
40.73581,40.73000,358.78726,40.73000,-0.65630,40.73000,0.56593
40.74581,40.74000,359.11105,40.74000,-0.63640,40.74000,0.51725
40.75581,40.75000,359.39447,40.75000,-0.62648,40.75000,0.46631
40.76581,40.76000,359.63571,40.76000,-0.62705,40.76000,0.41509
40.77581,40.77000,359.83408,40.77000,-0.63775,40.77000,0.36473
40.78581,40.78000,359.99017,40.78000,-0.65764,40.78000,0.31569
40.79582,40.79000,360.10553,40.79000,-0.68543,40.79000,0.26801
40.80582,40.80000,360.18271,40.80000,-0.71978,40.80000,0.22161
40.81582,40.81000,360.22504,40.81000,-0.75946,40.81000,0.17656
40.82582,40.82000,360.23648,40.82000,-0.80341,40.82000,0.13328
40.83582,40.83000,360.22134,40.83000,-0.85071,40.83000,0.09273
40.84582,40.84000,360.18420,40.84000,-0.90050,40.84000,0.05646
40.85582,40.85000,360.12973,40.85000,-0.95187,40.85000,0.02653
40.86583,40.86000,360.06244,40.86000,-1.00364,40.86000,0.00545
40.87583,40.87000,359.98654,40.87000,-1.05428,40.87000,-0.00405
40.88583,40.88000,359.90588,40.88000,-1.10179,40.88000,0.00079
40.89583,40.89000,359.82373,40.89000,-1.14359,40.89000,0.02249
40.90583,40.90000,359.74274,40.90000,-1.17663,40.90000,0.06311
40.91583,40.91000,359.66470,40.91000,-1.19744,40.91000,0.12395
40.92583,40.92000,359.59058,40.92000,-1.20238,40.92000,0.20535
40.93584,40.93000,359.52033,40.93000,-1.18790,40.93000,0.30648
40.94584,40.94000,359.45291,40.94000,-1.15078,40.94000,0.42519
40.95584,40.95000,359.38644,40.95000,-1.08846,40.95000,0.55791
40.96584,40.96000,359.31818,40.96000,-0.99910,40.96000,0.69964
40.97584,40.97000,359.24478,40.97000,-0.88169,40.97000,0.84406
40.98584,40.98000,359.16281,40.98000,-0.73596,40.98000,0.98365
40.99584,40.99000,359.06909,40.99000,-0.56220,40.99000,1.11002
41.00585,41.00000,358.96130,41.00000,-0.36109,41.00000,1.21422
41.01585,41.01000,358.83847,41.01000,-0.13365,41.01000,1.28717
41.02585,41.02000,358.70163,41.02000,0.11870,41.02000,1.32021
41.03585,41.03000,358.55383,41.03000,0.39382,41.03000,1.30552
41.04585,41.04000,358.40054,41.04000,0.68844,41.04000,1.23672
41.05585,41.05000,358.24912,41.05000,0.99761,41.05000,1.10925
41.06585,41.06000,358.10834,41.06000,1.31435,41.06000,0.92079
41.07586,41.07000,357.98767,41.07000,1.62967,41.07000,0.67149
41.08586,41.08000,357.89612,41.08000,1.93288,41.08000,0.36402
41.09586,41.09000,357.84094,41.09000,2.21242,41.09000,0.00360
41.10586,41.10000,357.82672,41.10000,2.45690,41.10000,-0.40227
41.11586,41.11000,357.85422,41.11000,2.65628,41.11000,-0.84394
41.12586,41.12000,357.91986,41.12000,2.80288,41.12000,-1.31002
41.13586,41.13000,358.01578,41.13000,2.89213,41.13000,-1.78768
41.14587,41.14000,358.13040,41.14000,2.92287,41.14000,-2.26319
41.15587,41.15000,358.24963,41.15000,2.89741,41.15000,-2.72244
41.16587,41.16000,358.35819,41.16000,2.82109,41.16000,-3.15169
41.17587,41.17000,358.44113,41.17000,2.70179,41.17000,-3.53834
41.18587,41.18000,358.48514,41.18000,2.54919,41.18000,-3.87177
41.19587,41.19000,358.47955,41.19000,2.37405,41.19000,-4.14407
41.20587,41.20000,358.41702,41.20000,2.18741,41.20000,-4.35060
41.21588,41.21000,358.29376,41.21000,1.99991,41.21000,-4.49021
41.22588,41.22000,358.10938,41.22000,1.82116,41.22000,-4.56519
41.23588,41.23000,357.86658,41.23000,1.65915,41.23000,-4.58090
41.24588,41.24000,357.57071,41.24000,1.51987,41.24000,-4.54513
41.25588,41.25000,357.22903,41.25000,1.40702,41.25000,-4.46744
41.26588,41.26000,356.85034,41.26000,1.32183,41.26000,-4.35838
41.27588,41.27000,356.44418,41.27000,1.26312,41.27000,-4.22885
41.28589,41.28000,356.02051,41.28000,1.22761,41.28000,-4.08948
41.29589,41.29000,355.58911,41.29000,1.21027,41.29000,-3.95012
41.30589,41.30000,355.15927,41.30000,1.20501,41.30000,-3.81951
41.31589,41.31000,354.73944,41.31000,1.20529,41.31000,-3.70489
41.32589,41.32000,354.33707,41.32000,1.20467,41.32000,-3.61186
41.33589,41.33000,353.95850,41.33000,1.19733,41.33000,-3.54418
41.34589,41.34000,353.60904,41.34000,1.17831,41.34000,-3.50377
41.35590,41.35000,353.29282,41.35000,1.14369,41.35000,-3.49079
41.36590,41.36000,353.01279,41.36000,1.09057,41.36000,-3.50385
41.37590,41.37000,352.77063,41.37000,1.01712,41.37000,-3.54033
41.38590,41.38000,352.56677,41.38000,0.92247,41.38000,-3.59671
41.39590,41.39000,352.40024,41.39000,0.80676,41.39000,-3.66895
41.40590,41.40000,352.26871,41.40000,0.67103,41.40000,-3.75282
41.41590,41.41000,352.16855,41.41000,0.51713,41.41000,-3.84419
41.42591,41.42000,352.09506,41.42000,0.34763,41.42000,-3.93927
41.43591,41.43000,352.04251,41.43000,0.16568,41.43000,-4.03482
41.44591,41.44000,352.00440,41.44000,-0.02510,41.44000,-4.12825
41.45591,41.45000,351.97382,41.45000,-0.22073,41.45000,-4.21770
41.46591,41.46000,351.94357,41.46000,-0.41705,41.46000,-4.30211
41.47591,41.47000,351.90665,41.47000,-0.60989,41.47000,-4.38116
41.48591,41.48000,351.85626,41.48000,-0.79517,41.48000,-4.45522
41.49592,41.49000,351.78622,41.49000,-0.96916,41.49000,-4.52530
41.50592,41.50000,351.69113,41.50000,-1.12852,41.50000,-4.59281
41.51592,41.51000,351.56641,41.51000,-1.27054,41.51000,-4.65944
41.52592,41.52000,351.40857,41.52000,-1.39311,41.52000,-4.72685
41.53592,41.53000,351.21512,41.53000,-1.49484,41.53000,-4.79644
41.54592,41.54000,350.98477,41.54000,-1.57499,41.54000,-4.86906
41.55592,41.55000,350.71735,41.55000,-1.63343,41.55000,-4.94478
41.56593,41.56000,350.41400,41.56000,-1.67053,41.56000,-5.02272
41.57593,41.57000,350.07700,41.57000,-1.68704,41.57000,-5.10099
41.58593,41.58000,349.70999,41.58000,-1.68396,41.58000,-5.17666
41.59593,41.59000,349.31772,41.59000,-1.66243,41.59000,-5.24597
41.60593,41.60000,348.90616,41.60000,-1.62365,41.60000,-5.30448
41.61593,41.61000,348.48218,41.61000,-1.56889,41.61000,-5.34743
41.62593,41.62000,348.05338,41.62000,-1.49950,41.62000,-5.37007
41.63594,41.63000,347.62778,41.63000,-1.41700,41.63000,-5.36804
41.64594,41.64000,347.21350,41.64000,-1.32319,41.64000,-5.33782
41.65594,41.65000,346.81833,41.65000,-1.22022,41.65000,-5.27707
41.66594,41.66000,346.44943,41.66000,-1.11069,41.66000,-5.18493
41.67594,41.67000,346.11304,41.67000,-0.99763,41.67000,-5.06220
41.68594,41.68000,345.81439,41.68000,-0.88445,41.68000,-4.91138
41.69594,41.69000,345.55777,41.69000,-0.77478,41.69000,-4.73650
41.70595,41.70000,345.34677,41.70000,-0.67226,41.70000,-4.54282
41.71595,41.71000,345.18472,41.71000,-0.58044,41.71000,-4.33635
41.72595,41.72000,345.07495,41.72000,-0.50251,41.72000,-4.12333
41.73595,41.73000,345.02112,41.73000,-0.44126,41.73000,-3.90963
41.74595,41.74000,345.02701,41.74000,-0.39886,41.74000,-3.70030
41.75595,41.75000,345.09638,41.75000,-0.37676,41.75000,-3.49907
41.76595,41.76000,345.23227,41.76000,-0.37556,41.76000,-3.30819
41.77596,41.77000,345.43637,41.77000,-0.39499,41.77000,-3.12838
41.78596,41.78000,345.70859,41.78000,-0.43388,41.78000,-2.95910
41.79596,41.79000,346.04651,41.79000,-0.49028,41.79000,-2.79893
41.80596,41.80000,346.44547,41.80000,-0.56155,41.80000,-2.64611
41.81596,41.81000,346.89865,41.81000,-0.64458,41.81000,-2.49911
41.82596,41.82000,347.39768,41.82000,-0.73595,41.82000,-2.35705
41.83596,41.83000,347.93320,41.83000,-0.83224,41.83000,-2.21988
41.84597,41.84000,348.49561,41.84000,-0.93019,41.84000,-2.08843
41.85597,41.85000,349.07562,41.85000,-1.02689,41.85000,-1.96417
41.86597,41.86000,349.66489,41.86000,-1.11998,41.86000,-1.84892
41.87597,41.87000,350.25601,41.87000,-1.20769,41.87000,-1.74445
41.88597,41.88000,350.84274,41.88000,-1.28886,41.88000,-1.65216
41.89597,41.89000,351.41986,41.89000,-1.36286,41.89000,-1.57287
41.90597,41.90000,351.98285,41.90000,-1.42948,41.90000,-1.50671
41.91598,41.91000,352.52777,41.91000,-1.48890,41.91000,-1.45311
41.92598,41.92000,353.05100,41.92000,-1.54152,41.92000,-1.41093
41.93598,41.93000,353.54916,41.93000,-1.58797,41.93000,-1.37861
41.94598,41.94000,354.01898,41.94000,-1.62907,41.94000,-1.35431
41.95598,41.95000,354.45749,41.95000,-1.66577,41.95000,-1.33620
41.96598,41.96000,354.86203,41.96000,-1.69916,41.96000,-1.32254
41.97598,41.97000,355.23035,41.97000,-1.73034,41.97000,-1.31186
41.98599,41.98000,355.56085,41.98000,-1.76047,41.98000,-1.30309
41.99599,41.99000,355.85254,41.99000,-1.79073,41.99000,-1.29560
42.00599,42.00000,356.10538,42.00000,-1.82231,42.00000,-1.28922
42.01599,42.01000,356.32001,42.01000,-1.85640,42.01000,-1.28414
42.02599,42.02000,356.49802,42.02000,-1.89417,42.02000,-1.28085
42.03599,42.03000,356.64175,42.03000,-1.93665,42.03000,-1.27995
42.04599,42.04000,356.75406,42.04000,-1.98469,42.04000,-1.28200
42.05600,42.05000,356.83838,42.05000,-2.03879,42.05000,-1.28739
42.06600,42.06000,356.89838,42.06000,-2.09905,42.06000,-1.29625
42.07600,42.07000,356.93787,42.07000,-2.16511,42.07000,-1.30838
42.08600,42.08000,356.96075,42.08000,-2.23613,42.08000,-1.32323
42.09600,42.09000,356.97089,42.09000,-2.31085,42.09000,-1.33991
42.10600,42.10000,356.97199,42.10000,-2.38763,42.10000,-1.35715
42.11600,42.11000,356.96756,42.11000,-2.46454,42.11000,-1.37335
42.12601,42.12000,356.96094,42.12000,-2.53945,42.12000,-1.38660
42.13601,42.13000,356.95487,42.13000,-2.61014,42.13000,-1.39472
42.14601,42.14000,356.95163,42.14000,-2.67438,42.14000,-1.39535
42.15601,42.15000,356.95264,42.15000,-2.73002,42.15000,-1.38609
42.16601,42.16000,356.95834,42.16000,-2.77508,42.16000,-1.36466
42.17601,42.17000,356.96790,42.17000,-2.80771,42.17000,-1.32914
42.18601,42.18000,356.97897,42.18000,-2.82629,42.18000,-1.27818
42.19602,42.19000,356.98749,42.19000,-2.82931,42.19000,-1.21121
42.20602,42.20000,356.98767,42.20000,-2.81540,42.20000,-1.12860
42.21602,42.21000,356.97205,42.21000,-2.78318,42.21000,-1.03183
42.22602,42.22000,356.93179,42.22000,-2.73130,42.22000,-0.92353
42.23602,42.23000,356.85739,42.23000,-2.65830,42.23000,-0.80752
42.24602,42.24000,356.73941,42.24000,-2.56268,42.24000,-0.68870
42.25602,42.25000,356.56982,42.25000,-2.44294,42.25000,-0.57299
42.26603,42.26000,356.34314,42.26000,-2.29770,42.26000,-0.46709
42.27603,42.27000,356.05765,42.27000,-2.12591,42.27000,-0.37823
42.28603,42.28000,355.71625,42.28000,-1.92711,42.28000,-0.31382
42.29603,42.29000,355.32703,42.29000,-1.70179,42.29000,-0.28107
42.30603,42.30000,354.90277,42.30000,-1.45184,42.30000,-0.28659
42.31603,42.31000,354.46008,42.31000,-1.18094,42.31000,-0.33596
42.32603,42.32000,354.01794,42.32000,-0.89481,42.32000,-0.43338
42.33604,42.33000,353.59573,42.33000,-0.60124,42.33000,-0.58129
42.34604,42.34000,353.21133,42.34000,-0.30979,42.34000,-0.78012
42.35604,42.35000,352.87961,42.35000,-0.03133,42.35000,-1.02818
42.36604,42.36000,352.61112,42.36000,0.22274,42.36000,-1.32162
42.37604,42.37000,352.41138,42.37000,0.44143,42.37000,-1.65459
42.38604,42.38000,352.28061,42.38000,0.61520,42.38000,-2.01943
42.39604,42.39000,352.21393,42.39000,0.73691,42.39000,-2.40695
42.40605,42.40000,352.20166,42.40000,0.80241,42.40000,-2.80677
42.41605,42.41000,352.23050,42.41000,0.81077,42.41000,-3.20775
42.42605,42.42000,352.28467,42.42000,0.76413,42.42000,-3.59838
42.43605,42.43000,352.34744,42.43000,0.66749,42.43000,-3.96726
42.44605,42.44000,352.40234,42.44000,0.52828,42.44000,-4.30358
42.45605,42.45000,352.43439,42.45000,0.35592,42.45000,-4.59766
42.46605,42.46000,352.43109,42.46000,0.16132,42.46000,-4.84159
42.47606,42.47000,352.38297,42.47000,-0.04385,42.47000,-5.02964
42.48606,42.48000,352.28412,42.48000,-0.24781,42.48000,-5.15873
42.49606,42.49000,352.13208,42.49000,-0.43944,42.49000,-5.22845
42.50606,42.50000,351.92773,42.50000,-0.60902,42.50000,-5.24108
42.51606,42.51000,351.67477,42.51000,-0.74880,42.51000,-5.20133
42.52606,42.52000,351.37940,42.52000,-0.85353,42.52000,-5.11592
42.53606,42.53000,351.04947,42.53000,-0.92073,42.53000,-4.99317
42.54607,42.54000,350.69409,42.54000,-0.95067,42.54000,-4.84252
42.55607,42.55000,350.32291,42.55000,-0.94625,42.55000,-4.67401
42.56607,42.56000,349.94577,42.56000,-0.91249,42.56000,-4.49776
42.57607,42.57000,349.57230,42.57000,-0.85609,42.57000,-4.32342
42.58607,42.58000,349.21158,42.58000,-0.78482,42.58000,-4.15970
42.59607,42.59000,348.87201,42.59000,-0.70699,42.59000,-4.01382
42.60607,42.60000,348.56116,42.60000,-0.63094,42.60000,-3.89119
42.61608,42.61000,348.28540,42.61000,-0.56458,42.61000,-3.79513
42.62608,42.62000,348.04981,42.62000,-0.51502,42.62000,-3.72687
42.63608,42.63000,347.85782,42.63000,-0.48814,42.63000,-3.68565
42.64608,42.64000,347.71097,42.64000,-0.48828,42.64000,-3.66901
42.65608,42.65000,347.60870,42.65000,-0.51805,42.65000,-3.67322
42.66608,42.66000,347.54825,42.66000,-0.57818,42.66000,-3.69373
42.67608,42.67000,347.52478,42.67000,-0.66767,42.67000,-3.72567
42.68609,42.68000,347.53153,42.68000,-0.78393,42.68000,-3.76434
42.69609,42.69000,347.55997,42.69000,-0.92306,42.69000,-3.80561
42.70609,42.70000,347.60034,42.70000,-1.08008,42.70000,-3.84624
42.71609,42.71000,347.64206,42.71000,-1.24924,42.71000,-3.88404
42.72609,42.72000,347.67416,42.72000,-1.42429,42.72000,-3.91798
42.73609,42.73000,347.68601,42.73000,-1.59869,42.73000,-3.94808
42.74609,42.74000,347.66782,42.74000,-1.76589,42.74000,-3.97527
42.75610,42.75000,347.61127,42.75000,-1.91953,42.75000,-4.00107
42.76610,42.76000,347.51013,42.76000,-2.05360,42.76000,-4.02729
42.77610,42.77000,347.36060,42.77000,-2.16264,42.77000,-4.05553
42.78610,42.78000,347.16180,42.78000,-2.24193,42.78000,-4.08687
42.79610,42.79000,346.91577,42.79000,-2.28768,42.79000,-4.12144
42.80610,42.80000,346.62766,42.80000,-2.29728,42.80000,-4.15819
42.81610,42.81000,346.30524,42.81000,-2.26954,42.81000,-4.19478
42.82611,42.82000,345.95859,42.82000,-2.20488,42.82000,-4.22761
42.83611,42.83000,345.59927,42.83000,-2.10549,42.83000,-4.25206
42.84611,42.84000,345.23969,42.84000,-1.97525,42.84000,-4.26290
42.85611,42.85000,344.89197,42.85000,-1.81961,42.85000,-4.25471
42.86611,42.86000,344.56729,42.86000,-1.64521,42.86000,-4.22252
42.87611,42.87000,344.27512,42.87000,-1.45943,42.87000,-4.16237
42.88611,42.88000,344.02274,42.88000,-1.26985,42.88000,-4.07187
42.89612,42.89000,343.81506,42.89000,-1.08366,42.89000,-3.95067
42.90612,42.90000,343.65488,42.90000,-0.90727,42.90000,-3.80066
42.91612,42.91000,343.54343,42.91000,-0.74601,42.91000,-3.62598
42.92612,42.92000,343.48093,42.92000,-0.60410,42.92000,-3.43273
42.93612,42.93000,343.46765,42.93000,-0.48477,42.93000,-3.22832
42.94612,42.94000,343.50418,42.94000,-0.39043,42.94000,-3.02075
42.95612,42.95000,343.59180,42.95000,-0.32284,42.95000,-2.81759
42.96613,42.96000,343.73221,42.96000,-0.28311,42.96000,-2.62516
42.97613,42.97000,343.92703,42.97000,-0.27171,42.97000,-2.44778
42.98613,42.98000,344.17712,42.98000,-0.28831,42.98000,-2.28747
42.99613,42.99000,344.48190,42.99000,-0.33167,42.99000,-2.14397
43.00613,43.00000,344.83881,43.00000,-0.39951,43.00000,-2.01518
43.01613,43.01000,345.24332,43.01000,-0.48847,43.01000,-1.89781
43.02613,43.02000,345.68890,43.02000,-0.59420,43.02000,-1.78813
43.03614,43.03000,346.16751,43.03000,-0.71155,43.03000,-1.68266
43.04614,43.04000,346.67011,43.04000,-0.83496,43.04000,-1.57870
43.05614,43.05000,347.18753,43.05000,-0.95887,43.05000,-1.47467
43.06614,43.06000,347.71103,43.06000,-1.07814,43.06000,-1.37012
43.07614,43.07000,348.23276,43.07000,-1.18848,43.07000,-1.26567
43.08614,43.08000,348.74634,43.08000,-1.28672,43.08000,-1.16273
43.09614,43.09000,349.24677,43.09000,-1.37093,43.09000,-1.06320
43.10615,43.10000,349.73059,43.10000,-1.44036,43.10000,-0.96921
43.11615,43.11000,350.19553,43.11000,-1.49532,43.11000,-0.88282
43.12615,43.12000,350.64047,43.12000,-1.53699,43.12000,-0.80587
43.13615,43.13000,351.06497,43.13000,-1.56718,43.13000,-0.73983
43.14615,43.14000,351.46918,43.14000,-1.58819,43.14000,-0.68574
43.15615,43.15000,351.85333,43.15000,-1.60255,43.15000,-0.64409
43.16615,43.16000,352.21780,43.16000,-1.61284,43.16000,-0.61486
43.17616,43.17000,352.56253,43.17000,-1.62147,43.17000,-0.59751
43.18616,43.18000,352.88724,43.18000,-1.63050,43.18000,-0.59098
43.19616,43.19000,353.19101,43.19000,-1.64150,43.19000,-0.59386
43.20616,43.20000,353.47250,43.20000,-1.65549,43.20000,-0.60444
43.21616,43.21000,353.72992,43.21000,-1.67295,43.21000,-0.62092
43.22616,43.22000,353.96127,43.22000,-1.69391,43.22000,-0.64147
43.23616,43.23000,354.16452,43.23000,-1.71805,43.23000,-0.66438
43.24617,43.24000,354.33792,43.24000,-1.74482,43.24000,-0.68805
43.25617,43.25000,354.48019,43.25000,-1.77356,43.25000,-0.71097
43.26617,43.26000,354.59073,43.26000,-1.80361,43.26000,-0.73174
43.27617,43.27000,354.66974,43.27000,-1.83440,43.27000,-0.74902
43.28617,43.28000,354.71832,43.28000,-1.86549,43.28000,-0.76144
43.29617,43.29000,354.73859,43.29000,-1.89667,43.29000,-0.76765
43.30617,43.30000,354.73343,43.30000,-1.92788,43.30000,-0.76632
43.31618,43.31000,354.70657,43.31000,-1.95918,43.31000,-0.75607
43.32618,43.32000,354.66242,43.32000,-1.99066,43.32000,-0.73558
43.33618,43.33000,354.60571,43.33000,-2.02226,43.33000,-0.70354
43.34618,43.34000,354.54160,43.34000,-2.05365,43.34000,-0.65876
43.35618,43.35000,354.47513,43.35000,-2.08415,43.35000,-0.60021
43.36618,43.36000,354.41119,43.36000,-2.11260,43.36000,-0.52721
43.37618,43.37000,354.35419,43.37000,-2.13733,43.37000,-0.43954
43.38619,43.38000,354.30780,43.38000,-2.15617,43.38000,-0.33771
43.39619,43.39000,354.27472,43.39000,-2.16649,43.39000,-0.22313
43.40619,43.40000,354.25650,43.40000,-2.16525,43.40000,-0.09829
43.41619,43.41000,354.25317,43.41000,-2.14914,43.41000,0.03310
43.42619,43.42000,354.26340,43.42000,-2.11470,43.42000,0.16610
43.43619,43.43000,354.28427,43.43000,-2.05847,43.43000,0.29472
43.44619,43.44000,354.31171,43.44000,-1.97711,43.44000,0.41208
43.45620,43.45000,354.34064,43.45000,-1.86763,43.45000,0.51088
43.46620,43.46000,354.36575,43.46000,-1.72756,43.46000,0.58377
43.47620,43.47000,354.38193,43.47000,-1.55527,43.47000,0.62395
43.48620,43.48000,354.38501,43.48000,-1.35027,43.48000,0.62564
43.49620,43.49000,354.37231,43.49000,-1.11362,43.49000,0.58454
43.50620,43.50000,354.34305,43.50000,-0.84827,43.50000,0.49817
43.51620,43.51000,354.29843,43.51000,-0.55943,43.51000,0.36606
43.52621,43.52000,354.24158,43.52000,-0.25460,43.52000,0.18977
43.53621,43.53000,354.17722,43.53000,0.05649,43.53000,-0.02722
43.54621,43.54000,354.11115,43.54000,0.36243,43.54000,-0.27981
43.55621,43.55000,354.04944,43.55000,0.65092,43.55000,-0.56166
43.56621,43.56000,353.99780,43.56000,0.90991,43.56000,-0.86568
43.57621,43.57000,353.96054,43.57000,1.12870,43.57000,-1.18457
43.58621,43.58000,353.93985,43.58000,1.29891,43.58000,-1.51127
43.59622,43.59000,353.93518,43.59000,1.41494,43.59000,-1.83940
43.60622,43.60000,353.94290,43.60000,1.47403,43.60000,-2.16344
43.61622,43.61000,353.95673,43.61000,1.47599,43.61000,-2.47872
43.62622,43.62000,353.96823,43.62000,1.42282,43.62000,-2.78119
43.63622,43.63000,353.96790,43.63000,1.31835,43.63000,-3.06712
43.64622,43.64000,353.94611,43.64000,1.16787,43.64000,-3.33285
43.65622,43.65000,353.89429,43.65000,0.97781,43.65000,-3.57472
43.66623,43.66000,353.80591,43.66000,0.75542,43.66000,-3.78916
43.67623,43.67000,353.67694,43.67000,0.50847,43.67000,-3.97293
43.68623,43.68000,353.50635,43.68000,0.24499,43.68000,-4.12345
43.69623,43.69000,353.29581,43.69000,-0.02708,43.69000,-4.23904
43.70623,43.70000,353.04959,43.70000,-0.30017,43.70000,-4.31920
43.71623,43.71000,352.77408,43.71000,-0.56745,43.71000,-4.36462
43.72623,43.72000,352.47717,43.72000,-0.82312,43.72000,-4.37721
43.73624,43.73000,352.16769,43.73000,-1.06255,43.73000,-4.35996
43.74624,43.74000,351.85480,43.74000,-1.28238,43.74000,-4.31670
43.75624,43.75000,351.54730,43.75000,-1.48044,43.75000,-4.25188
43.76624,43.76000,351.25327,43.76000,-1.65568,43.76000,-4.17030
43.77624,43.77000,350.97958,43.77000,-1.80795,43.77000,-4.07675
43.78624,43.78000,350.73163,43.78000,-1.93792,43.78000,-3.97575
43.79624,43.79000,350.51309,43.79000,-2.04699,43.79000,-3.87123
43.80625,43.80000,350.32602,43.80000,-2.13720,43.80000,-3.76631
43.81625,43.81000,350.17053,43.81000,-2.21127,43.81000,-3.66327
43.82625,43.82000,350.04507,43.82000,-2.27253,43.82000,-3.56360
43.83625,43.83000,349.94644,43.83000,-2.32473,43.83000,-3.46823
43.84625,43.84000,349.86978,43.84000,-2.37171,43.84000,-3.37772
43.85625,43.85000,349.80902,43.85000,-2.41688,43.85000,-3.29259
43.86625,43.86000,349.75696,43.86000,-2.46265,43.86000,-3.21348
43.87626,43.87000,349.70581,43.87000,-2.50996,43.87000,-3.14135
43.88626,43.88000,349.64771,43.88000,-2.55799,43.88000,-3.07756
43.89626,43.89000,349.57523,43.89000,-2.60409,43.89000,-3.02390
43.90626,43.90000,349.48200,43.90000,-2.64390,43.90000,-2.98249
43.91626,43.91000,349.36340,43.91000,-2.67167,43.91000,-2.95561
43.92626,43.92000,349.21692,43.92000,-2.68073,43.92000,-2.94537
43.93626,43.93000,349.04245,43.93000,-2.66401,43.93000,-2.95340
43.94627,43.94000,348.84250,43.94000,-2.61467,43.94000,-2.98033
43.95627,43.95000,348.62195,43.95000,-2.52671,43.95000,-3.02546
43.96627,43.96000,348.38763,43.96000,-2.39572,43.96000,-3.08634
43.97627,43.97000,348.14774,43.97000,-2.21946,43.97000,-3.15869
43.98627,43.98000,347.91107,43.98000,-1.99851,43.98000,-3.23641
43.99627,43.99000,347.68613,43.99000,-1.73677,43.99000,-3.31198
44.00627,44.00000,347.48032,44.00000,-1.44158,44.00000,-3.37711
44.01628,44.01000,347.29926,44.01000,-1.12370,44.01000,-3.42348
44.02628,44.02000,347.14655,44.02000,-0.79669,44.02000,-3.44372
44.03628,44.03000,347.02374,44.03000,-0.47593,44.03000,-3.43212
44.04628,44.04000,346.93070,44.04000,-0.17730,44.04000,-3.38522
44.05628,44.05000,346.86627,44.05000,0.08428,44.05000,-3.30201
44.06628,44.06000,346.82938,44.06000,0.29623,44.06000,-3.18384
44.07628,44.07000,346.81970,44.07000,0.44934,44.07000,-3.03403
44.08629,44.08000,346.83856,44.08000,0.53833,44.08000,-2.85728
44.09629,44.09000,346.88898,44.09000,0.56207,44.09000,-2.65911
44.10629,44.10000,346.97525,44.10000,0.52336,44.10000,-2.44538
44.11629,44.11000,347.10239,44.11000,0.42849,44.11000,-2.22196
44.12629,44.12000,347.27512,44.12000,0.28654,44.12000,-1.99455
44.13629,44.13000,347.49710,44.13000,0.10870,44.13000,-1.76863
44.14629,44.14000,347.77011,44.14000,-0.09253,44.14000,-1.54942
44.15630,44.15000,348.09372,44.15000,-0.30407,44.15000,-1.34176
44.16630,44.16000,348.46503,44.16000,-0.51315,44.16000,-1.14994
44.17630,44.17000,348.87888,44.17000,-0.70806,44.17000,-0.97752
44.18630,44.18000,349.32816,44.18000,-0.87899,44.18000,-0.82705
44.19630,44.19000,349.80417,44.19000,-1.01864,44.19000,-0.69993
44.20630,44.20000,350.29730,44.20000,-1.12263,44.20000,-0.59632
44.21630,44.21000,350.79739,44.21000,-1.18962,44.21000,-0.51518
44.22631,44.22000,351.29431,44.22000,-1.22114,44.22000,-0.45448
44.23631,44.23000,351.77829,44.23000,-1.22118,44.23000,-0.41142
44.24631,44.24000,352.24045,44.24000,-1.19552,44.24000,-0.38278
44.25631,44.25000,352.67294,44.25000,-1.15108,44.25000,-0.36522
44.26631,44.26000,353.06934,44.26000,-1.09513,44.26000,-0.35557
44.27631,44.27000,353.42465,44.27000,-1.03461,44.27000,-0.35104
44.28631,44.28000,353.73532,44.28000,-0.97559,44.28000,-0.34948
44.29632,44.29000,353.99930,44.29000,-0.92292,44.29000,-0.34937
44.30632,44.30000,354.21588,44.30000,-0.88005,44.30000,-0.34999
44.31632,44.31000,354.38565,44.31000,-0.84909,44.31000,-0.35129
44.32632,44.32000,354.51028,44.32000,-0.83101,44.32000,-0.35380
44.33632,44.33000,354.59250,44.33000,-0.82592,44.33000,-0.35842
44.34632,44.34000,354.63590,44.34000,-0.83333,44.34000,-0.36620
44.35632,44.35000,354.64484,44.35000,-0.85237,44.35000,-0.37801
44.36632,44.36000,354.62421,44.36000,-0.88199,44.36000,-0.39430
44.37633,44.37000,354.57938,44.37000,-0.92099,44.37000,-0.41491
44.38633,44.38000,354.51590,44.38000,-0.96801,44.38000,-0.43893
44.39633,44.39000,354.43930,44.39000,-1.02150,44.39000,-0.46471
44.40633,44.40000,354.35504,44.40000,-1.07959,44.40000,-0.48988
44.41633,44.41000,354.26804,44.41000,-1.14011,44.41000,-0.51156
44.42633,44.42000,354.18274,44.42000,-1.20049,44.42000,-0.52654
44.43633,44.43000,354.10272,44.43000,-1.25788,44.43000,-0.53155
44.44634,44.44000,354.03064,44.44000,-1.30920,44.44000,-0.52350
44.45634,44.45000,353.96811,44.45000,-1.35129,44.45000,-0.49980
44.46634,44.46000,353.91550,44.46000,-1.38102,44.46000,-0.45851
44.47634,44.47000,353.87201,44.47000,-1.39542,44.47000,-0.39856
44.48634,44.48000,353.83560,44.48000,-1.39181,44.48000,-0.31992
44.49634,44.49000,353.80307,44.49000,-1.36781,44.49000,-0.22369
44.50634,44.50000,353.77036,44.50000,-1.32137,44.50000,-0.11220
44.51635,44.51000,353.73270,44.51000,-1.25073,44.51000,0.01097
44.52635,44.52000,353.68536,44.52000,-1.15441,44.52000,0.14091
44.53635,44.53000,353.62390,44.53000,-1.03112,44.53000,0.27154
44.54635,44.54000,353.54486,44.54000,-0.87980,44.54000,0.39560
44.55635,44.55000,353.44635,44.55000,-0.69978,44.55000,0.50493
44.56635,44.56000,353.32828,44.56000,-0.49100,44.56000,0.59068
44.57635,44.57000,353.19269,44.57000,-0.25453,44.57000,0.64368
44.58636,44.58000,353.04376,44.58000,0.00691,44.58000,0.65499
44.59636,44.59000,352.88763,44.59000,0.28847,44.59000,0.61645
44.60636,44.60000,352.73200,44.60000,0.58285,44.60000,0.52141
44.61636,44.61000,352.58542,44.61000,0.88030,44.61000,0.36539
44.62636,44.62000,352.45660,44.62000,1.16909,44.62000,0.14664
44.63636,44.63000,352.35342,44.63000,1.43633,44.63000,-0.13337
44.64636,44.64000,352.28198,44.64000,1.66914,44.64000,-0.46982
44.65637,44.65000,352.24570,44.65000,1.85589,44.65000,-0.85454
44.66637,44.66000,352.24451,44.66000,1.98738,44.66000,-1.27635
44.67637,44.67000,352.27475,44.67000,2.05771,44.67000,-1.72152
44.68637,44.68000,352.32925,44.68000,2.06484,44.68000,-2.17442
44.69637,44.69000,352.39789,44.69000,2.01073,44.69000,-2.61835
44.70637,44.70000,352.46854,44.70000,1.90114,44.70000,-3.03648
44.71637,44.71000,352.52823,44.71000,1.74516,44.71000,-3.41291
44.72638,44.72000,352.56406,44.72000,1.55443,44.72000,-3.73381
44.73638,44.73000,352.56439,44.73000,1.34224,44.73000,-3.98854
44.74638,44.74000,352.51981,44.74000,1.12249,44.74000,-4.17041
44.75638,44.75000,352.42349,44.75000,0.90868,44.75000,-4.27730
44.76638,44.76000,352.27197,44.76000,0.71299,44.76000,-4.31164
44.77638,44.77000,352.06500,44.77000,0.54546,44.77000,-4.28009
44.78638,44.78000,351.80570,44.78000,0.41341,44.78000,-4.19275
44.79639,44.79000,351.50006,44.79000,0.32100,44.79000,-4.06217
44.80639,44.80000,351.15671,44.80000,0.26912,44.80000,-3.90218
44.81639,44.81000,350.78604,44.81000,0.25544,44.81000,-3.72683
44.82639,44.82000,350.39960,44.82000,0.27490,44.82000,-3.54937
44.83639,44.83000,350.00934,44.83000,0.32029,44.83000,-3.38145
44.84639,44.84000,349.62680,44.84000,0.38314,44.84000,-3.23258
44.85639,44.85000,349.26270,44.85000,0.45451,44.85000,-3.10979
44.86640,44.86000,348.92633,44.86000,0.52576,44.86000,-3.01751
44.87640,44.87000,348.62546,44.87000,0.58913,44.87000,-2.95766
44.88640,44.88000,348.36612,44.88000,0.63803,44.88000,-2.92997
44.89640,44.89000,348.15241,44.89000,0.66719,44.89000,-2.93245
44.90640,44.90000,347.98657,44.90000,0.67272,44.90000,-2.96184
44.91640,44.91000,347.86887,44.91000,0.65211,44.91000,-3.01417
44.92640,44.92000,347.79749,44.92000,0.60418,44.92000,-3.08514
44.93641,44.93000,347.76862,44.93000,0.52899,44.93000,-3.17044
44.94641,44.94000,347.77646,44.94000,0.42770,44.94000,-3.26602
44.95641,44.95000,347.81351,44.95000,0.30240,44.95000,-3.36823
44.96641,44.96000,347.87067,44.96000,0.15597,44.96000,-3.47390
44.97641,44.97000,347.93774,44.97000,-0.00807,44.97000,-3.58040
44.98641,44.98000,348.00369,44.98000,-0.18571,44.98000,-3.68563
44.99641,44.99000,348.05722,44.99000,-0.37252,44.99000,-3.78805
45.00642,45.00000,348.08728,45.00000,-0.56377,45.00000,-3.88659
45.01642,45.01000,348.08359,45.01000,-0.75455,45.01000,-3.98064
45.02642,45.02000,348.03711,45.02000,-0.93984,45.02000,-4.06994
45.03642,45.03000,347.94064,45.03000,-1.11466,45.03000,-4.15451
45.04642,45.04000,347.78906,45.04000,-1.27419,45.04000,-4.23450
45.05642,45.05000,347.57968,45.05000,-1.41398,45.05000,-4.31009
45.06642,45.06000,347.31232,45.06000,-1.53014,45.06000,-4.38130
45.07643,45.07000,346.98926,45.07000,-1.61962,45.07000,-4.44793
45.08643,45.08000,346.61511,45.08000,-1.68042,45.08000,-4.50940
45.09643,45.09000,346.19647,45.09000,-1.71176,45.09000,-4.56472
45.10643,45.10000,345.74152,45.10000,-1.71419,45.10000,-4.61253
45.11643,45.11000,345.25971,45.11000,-1.68954,45.11000,-4.65105
45.12643,45.12000,344.76129,45.12000,-1.64082,45.12000,-4.67819
45.13643,45.13000,344.25693,45.13000,-1.57201,45.13000,-4.69159
45.14644,45.14000,343.75723,45.14000,-1.48781,45.14000,-4.68867
45.15644,45.15000,343.27225,45.15000,-1.39342,45.15000,-4.66679
45.16644,45.16000,342.81107,45.16000,-1.29426,45.16000,-4.62336
45.17644,45.17000,342.38132,45.17000,-1.19584,45.17000,-4.55605
45.18644,45.18000,341.98901,45.18000,-1.10358,45.18000,-4.46304
45.19644,45.19000,341.63825,45.19000,-1.02266,45.19000,-4.34320
45.20644,45.20000,341.33157,45.20000,-0.95789,45.20000,-4.19635
45.21645,45.21000,341.07028,45.21000,-0.91357,45.21000,-4.02338
45.22645,45.22000,340.85519,45.22000,-0.89333,45.22000,-3.82631
45.23645,45.23000,340.68729,45.23000,-0.89996,45.23000,-3.60830
45.24645,45.24000,340.56812,45.24000,-0.93513,45.24000,-3.37345
45.25645,45.25000,340.50009,45.25000,-0.99912,45.25000,-3.12666
45.26645,45.26000,340.48642,45.26000,-1.09052,45.26000,-2.87338
45.27645,45.27000,340.53052,45.27000,-1.20615,45.27000,-2.61931
45.28646,45.28000,340.63550,45.28000,-1.34105,45.28000,-2.37025
45.29646,45.29000,340.80359,45.29000,-1.48872,45.29000,-2.13186
45.30646,45.30000,341.03552,45.30000,-1.64160,45.30000,-1.90948
45.31646,45.31000,341.33029,45.31000,-1.79155,45.31000,-1.70785
45.32646,45.32000,341.68491,45.32000,-1.93056,45.32000,-1.53087
45.33646,45.33000,342.09451,45.33000,-2.05134,45.33000,-1.38129
45.34646,45.34000,342.55252,45.34000,-2.14797,45.34000,-1.26048
45.35647,45.35000,343.05069,45.35000,-2.21634,45.35000,-1.16836
45.36647,45.36000,343.57974,45.36000,-2.25450,45.36000,-1.10337
45.37647,45.37000,344.12952,45.37000,-2.26268,45.37000,-1.06265
45.38647,45.38000,344.68945,45.38000,-2.24316,45.38000,-1.04236
45.39647,45.39000,345.24915,45.39000,-2.20001,45.39000,-1.03802
45.40647,45.40000,345.79877,45.40000,-2.13862,45.40000,-1.04486
45.41647,45.41000,346.32944,45.41000,-2.06520,45.41000,-1.05814
45.42648,45.42000,346.83368,45.42000,-1.98623,45.42000,-1.07347
45.43648,45.43000,347.30536,45.43000,-1.90798,45.43000,-1.08696
45.44648,45.44000,347.73990,45.44000,-1.83594,45.44000,-1.09544
45.45648,45.45000,348.13419,45.45000,-1.77449,45.45000,-1.09652
45.46648,45.46000,348.48642,45.46000,-1.72666,45.46000,-1.08870
45.47648,45.47000,348.79584,45.47000,-1.69397,45.47000,-1.07135
45.48648,45.48000,349.06271,45.48000,-1.67655,45.48000,-1.04470
45.49649,45.49000,349.28809,45.49000,-1.67327,45.49000,-1.00968
45.50649,45.50000,349.47363,45.50000,-1.68207,45.50000,-0.96782
45.51649,45.51000,349.62158,45.51000,-1.70028,45.51000,-0.92103
45.52649,45.52000,349.73468,45.52000,-1.72504,45.52000,-0.87146
45.53649,45.53000,349.81613,45.53000,-1.75362,45.53000,-0.82132
45.54649,45.54000,349.86948,45.54000,-1.78375,45.54000,-0.77278
45.55649,45.55000,349.89865,45.55000,-1.81388,45.55000,-0.72777
45.56650,45.56000,349.90787,45.56000,-1.84325,45.56000,-0.68793
45.57650,45.57000,349.90164,45.57000,-1.87196,45.57000,-0.65445
45.58650,45.58000,349.88458,45.58000,-1.90086,45.58000,-0.62801
45.59650,45.59000,349.86139,45.59000,-1.93136,45.59000,-0.60871
45.60650,45.60000,349.83667,45.60000,-1.96522,45.60000,-0.59605
45.61650,45.61000,349.81482,45.61000,-2.00420,45.61000,-0.58890
45.62650,45.62000,349.79974,45.62000,-2.04975,45.62000,-0.58560
45.63651,45.63000,349.79483,45.63000,-2.10271,45.63000,-0.58401
45.64651,45.64000,349.80252,45.64000,-2.16303,45.64000,-0.58164
45.65651,45.65000,349.82425,45.65000,-2.22961,45.65000,-0.57579
45.66651,45.66000,349.86011,45.66000,-2.30023,45.66000,-0.56374
45.67651,45.67000,349.90894,45.67000,-2.37164,45.67000,-0.54299
45.68651,45.68000,349.96814,45.68000,-2.43971,45.68000,-0.51142
45.69651,45.69000,350.03391,45.69000,-2.49973,45.69000,-0.46756
45.70652,45.70000,350.10138,45.70000,-2.54675,45.70000,-0.41078
45.71652,45.71000,350.16501,45.71000,-2.57587,45.71000,-0.34143
45.72652,45.72000,350.21890,45.72000,-2.58246,45.72000,-0.26098
45.73652,45.73000,350.25739,45.73000,-2.56241,45.73000,-0.17208
45.74652,45.74000,350.27548,45.74000,-2.51214,45.74000,-0.07853
45.75652,45.75000,350.26950,45.75000,-2.42873,45.75000,0.01481
45.76652,45.76000,350.23734,45.76000,-2.31000,45.76000,0.10216
45.77653,45.77000,350.17908,45.77000,-2.15460,45.77000,0.17713
45.78653,45.78000,350.09686,45.78000,-1.96224,45.78000,0.23299
45.79653,45.79000,349.99500,45.79000,-1.73398,45.79000,0.26301
45.80653,45.80000,349.87949,45.80000,-1.47259,45.80000,0.26083
45.81653,45.81000,349.75763,45.81000,-1.18295,45.81000,0.22080
45.82653,45.82000,349.63736,45.82000,-0.87233,45.82000,0.13837
45.83653,45.83000,349.52658,45.83000,-0.55044,45.83000,0.01047
45.84654,45.84000,349.43243,45.84000,-0.22908,45.84000,-0.16410
45.85654,45.85000,349.36072,45.85000,0.07862,45.85000,-0.38444
45.86654,45.86000,349.31488,45.86000,0.35925,45.86000,-0.64733
45.87654,45.87000,349.29572,45.87000,0.60041,45.87000,-0.94739
45.88654,45.88000,349.30063,45.88000,0.79178,45.88000,-1.27724
45.89654,45.89000,349.32367,45.89000,0.92591,45.89000,-1.62794
45.90654,45.90000,349.35574,45.90000,0.99874,45.90000,-1.98941
45.91655,45.91000,349.38525,45.91000,1.00966,45.91000,-2.35088
45.92655,45.92000,349.39926,45.92000,0.96141,45.92000,-2.70133
45.93655,45.93000,349.38467,45.93000,0.85963,45.93000,-3.02998
45.94655,45.94000,349.32956,45.94000,0.71242,45.94000,-3.32679
45.95655,45.95000,349.22430,45.95000,0.52965,45.95000,-3.58305
45.96655,45.96000,349.06250,45.96000,0.32230,45.96000,-3.79198
45.97655,45.97000,348.84134,45.97000,0.10176,45.97000,-3.94918
45.98656,45.98000,348.56180,45.98000,-0.12089,45.98000,-4.05304
45.99656,45.99000,348.22836,45.99000,-0.33551,45.99000,-4.10479
46.00656,46.00000,347.84842,46.00000,-0.53346,46.00000,-4.10835
46.01656,46.01000,347.43167,46.01000,-0.70805,46.01000,-4.06994
46.02656,46.02000,346.98929,46.02000,-0.85480,46.02000,-3.99746
46.03656,46.03000,346.53296,46.03000,-0.97151,46.03000,-3.89990
46.04656,46.04000,346.07437,46.04000,-1.05821,46.04000,-3.78664
46.05657,46.05000,345.62433,46.05000,-1.11682,46.05000,-3.66684
46.06657,46.06000,345.19241,46.06000,-1.15080,46.06000,-3.54894
46.07657,46.07000,344.78650,46.07000,-1.16467,46.07000,-3.44022
46.08657,46.08000,344.41275,46.08000,-1.16362,46.08000,-3.34648
46.09657,46.09000,344.07547,46.09000,-1.15314,46.09000,-3.27183
46.10657,46.10000,343.77725,46.10000,-1.13879,46.10000,-3.21858
46.11657,46.11000,343.51914,46.11000,-1.12601,46.11000,-3.18730
46.12658,46.12000,343.30072,46.12000,-1.12006,46.12000,-3.17713
46.13658,46.13000,343.12036,46.13000,-1.12578,46.13000,-3.18602
46.14658,46.14000,342.97525,46.14000,-1.14746,46.14000,-3.21123
46.15658,46.15000,342.86145,46.15000,-1.18853,46.15000,-3.24973
46.16658,46.16000,342.77393,46.16000,-1.25133,46.16000,-3.29856
46.17658,46.17000,342.70685,46.17000,-1.33698,46.17000,-3.35510
46.18658,46.18000,342.65353,46.18000,-1.44520,46.18000,-3.41731
46.19659,46.19000,342.60669,46.19000,-1.57438,46.19000,-3.48379
46.20659,46.20000,342.55869,46.20000,-1.72161,46.20000,-3.55385
46.21659,46.21000,342.50177,46.21000,-1.88280,46.21000,-3.62743
46.22659,46.22000,342.42850,46.22000,-2.05290,46.22000,-3.70499
46.23659,46.23000,342.33191,46.23000,-2.22607,46.23000,-3.78738
46.24659,46.24000,342.20621,46.24000,-2.39590,46.24000,-3.87566
46.25659,46.25000,342.04694,46.25000,-2.55569,46.25000,-3.97083
46.26660,46.26000,341.85144,46.26000,-2.69867,46.26000,-4.07360
46.27660,46.27000,341.61905,46.27000,-2.81828,46.27000,-4.18415
46.28660,46.28000,341.35129,46.28000,-2.90858,46.28000,-4.30187
46.29660,46.29000,341.05182,46.29000,-2.96454,46.29000,-4.42519
46.30660,46.30000,340.72635,46.30000,-2.98250,46.30000,-4.55152
46.31660,46.31000,340.38229,46.31000,-2.96047,46.31000,-4.67722
46.32660,46.32000,340.02844,46.32000,-2.89838,46.32000,-4.79780
46.33661,46.33000,339.67435,46.33000,-2.79812,46.33000,-4.90804
46.34661,46.34000,339.32980,46.34000,-2.66350,46.34000,-5.00230
46.35661,46.35000,339.00421,46.35000,-2.49993,46.35000,-5.07479
46.36661,46.36000,338.70593,46.36000,-2.31405,46.36000,-5.11985
46.37661,46.37000,338.44183,46.37000,-2.11326,46.37000,-5.13232
46.38661,46.38000,338.21674,46.38000,-1.90518,46.38000,-5.10786
46.39661,46.39000,338.03317,46.39000,-1.69716,46.39000,-5.04332
46.40662,46.40000,337.89133,46.40000,-1.49585,46.40000,-4.93703
46.41662,46.41000,337.78928,46.41000,-1.30687,46.41000,-4.78901
46.42662,46.42000,337.72357,46.42000,-1.13464,46.42000,-4.60107
46.43662,46.43000,337.69009,46.43000,-0.98245,46.43000,-4.37673
46.44662,46.44000,337.68503,46.44000,-0.85258,46.44000,-4.12102
46.45662,46.45000,337.70590,46.45000,-0.74654,46.45000,-3.84017
46.46662,46.46000,337.75214,46.46000,-0.66532,46.46000,-3.54130
46.47663,46.47000,337.82547,46.47000,-0.60943,46.47000,-3.23200
46.48663,46.48000,337.92963,46.48000,-0.57886,46.48000,-2.91992
46.49663,46.49000,338.06970,46.49000,-0.57299,46.49000,-2.61246
46.50663,46.50000,338.25137,46.50000,-0.59037,46.50000,-2.31651
46.51663,46.51000,338.47980,46.51000,-0.62864,46.51000,-2.03820
46.52663,46.52000,338.75891,46.52000,-0.68442,46.52000,-1.78285
46.53663,46.53000,339.09058,46.53000,-0.75338,46.53000,-1.55479
46.54664,46.54000,339.47446,46.54000,-0.83040,46.54000,-1.35727
46.55664,46.55000,339.90759,46.55000,-0.90985,46.55000,-1.19229
46.56664,46.56000,340.38474,46.56000,-0.98595,46.56000,-1.06050
46.57664,46.57000,340.89862,46.57000,-1.05325,46.57000,-0.96121
46.58664,46.58000,341.44037,46.58000,-1.10720,46.58000,-0.89243
46.59664,46.59000,342.00015,46.59000,-1.14452,46.59000,-0.85115
46.60664,46.60000,342.56778,46.60000,-1.16363,46.60000,-0.83356
46.61665,46.61000,343.13327,46.61000,-1.16471,46.61000,-0.83540
46.62665,46.62000,343.68726,46.62000,-1.14972,46.62000,-0.85224
46.63665,46.63000,344.22153,46.63000,-1.12209,46.63000,-0.87973
46.64665,46.64000,344.72903,46.64000,-1.08631,46.64000,-0.91374
46.65665,46.65000,345.20413,46.65000,-1.04740,46.65000,-0.95057
46.66665,46.66000,345.64240,46.66000,-1.01037,46.66000,-0.98699
46.67665,46.67000,346.04062,46.67000,-0.97980,46.67000,-1.02039
46.68666,46.68000,346.39655,46.68000,-0.95945,46.68000,-1.04880
46.69666,46.69000,346.70886,46.69000,-0.95202,46.69000,-1.07099
46.70666,46.70000,346.97708,46.70000,-0.95909,46.70000,-1.08638
46.71666,46.71000,347.20154,46.71000,-0.98117,46.71000,-1.09504
46.72666,46.72000,347.38324,46.72000,-1.01780,46.72000,-1.09747
46.73666,46.73000,347.52408,46.73000,-1.06779,46.73000,-1.09450
46.74666,46.74000,347.62662,46.74000,-1.12942,46.74000,-1.08708
46.75667,46.75000,347.69415,46.75000,-1.20068,46.75000,-1.07609
46.76667,46.76000,347.73065,46.76000,-1.27944,46.76000,-1.06223
46.77667,46.77000,347.74045,46.77000,-1.36358,46.77000,-1.04594
46.78667,46.78000,347.72839,46.78000,-1.45114,46.78000,-1.02733
46.79667,46.79000,347.69931,46.79000,-1.54027,46.79000,-1.00619
46.80667,46.80000,347.65817,46.80000,-1.62934,46.80000,-0.98202
46.81667,46.81000,347.60959,46.81000,-1.71686,46.81000,-0.95402
46.82668,46.82000,347.55777,46.82000,-1.80144,46.82000,-0.92119
46.83668,46.83000,347.50641,46.83000,-1.88182,46.83000,-0.88238
46.84668,46.84000,347.45841,46.84000,-1.95676,46.84000,-0.83637
46.85668,46.85000,347.41583,46.85000,-2.02505,46.85000,-0.78202
46.86668,46.86000,347.37994,46.86000,-2.08553,46.86000,-0.71843
46.87668,46.87000,347.35101,46.87000,-2.13704,46.87000,-0.64503
46.88668,46.88000,347.32846,46.88000,-2.17850,46.88000,-0.56181
46.89669,46.89000,347.31097,46.89000,-2.20885,46.89000,-0.46947
46.90669,46.90000,347.29663,46.90000,-2.22704,46.90000,-0.36954
46.91669,46.91000,347.28336,46.91000,-2.23193,46.91000,-0.26448
46.92669,46.92000,347.26904,46.92000,-2.22215,46.92000,-0.15767
46.93669,46.93000,347.25223,46.93000,-2.19592,46.93000,-0.05340
46.94669,46.94000,347.23227,46.94000,-2.15092,46.94000,0.04331
46.95669,46.95000,347.20975,46.95000,-2.08420,46.95000,0.12696
46.96670,46.96000,347.18637,46.96000,-1.99219,46.96000,0.19183
46.97670,46.97000,347.16510,46.97000,-1.87101,46.97000,0.23240
46.98670,46.98000,347.14951,46.98000,-1.71688,46.98000,0.24365
46.99670,46.99000,347.14356,46.99000,-1.52691,46.99000,0.22145
47.00670,47.00000,347.15076,47.00000,-1.30001,47.00000,0.16283
47.01670,47.01000,347.17380,47.01000,-1.03775,47.01000,0.06626
47.02670,47.02000,347.21405,47.02000,-0.74513,47.02000,-0.06821
47.03671,47.03000,347.27130,47.03000,-0.43078,47.03000,-0.23879
47.04671,47.04000,347.34378,47.04000,-0.10671,47.04000,-0.44207
47.05671,47.05000,347.42841,47.05000,0.21254,47.05000,-0.67307
47.06671,47.06000,347.52097,47.06000,0.51129,47.06000,-0.92563
47.07671,47.07000,347.61636,47.07000,0.77437,47.07000,-1.19287
47.08671,47.08000,347.70883,47.08000,0.98866,47.08000,-1.46772
47.09671,47.09000,347.79199,47.09000,1.14439,47.09000,-1.74354
47.10672,47.10000,347.85880,47.10000,1.23581,47.10000,-2.01448
47.11672,47.11000,347.90152,47.11000,1.26130,47.11000,-2.27573
47.12672,47.12000,347.91202,47.12000,1.22298,47.12000,-2.52340
47.13672,47.13000,347.88187,47.13000,1.12608,47.13000,-2.75428
47.14672,47.14000,347.80316,47.14000,0.97808,47.14000,-2.96548
47.15672,47.15000,347.66907,47.15000,0.78799,47.15000,-3.15415
47.16672,47.16000,347.47470,47.16000,0.56563,47.16000,-3.31749
47.17673,47.17000,347.21762,47.17000,0.32100,47.17000,-3.45281
47.18673,47.18000,346.89822,47.18000,0.06380,47.18000,-3.55793
47.19673,47.19000,346.51987,47.19000,-0.19699,47.19000,-3.63154
47.20673,47.20000,346.08865,47.20000,-0.45342,47.20000,-3.67358
47.21673,47.21000,345.61307,47.21000,-0.69882,47.21000,-3.68548
47.22673,47.22000,345.10358,47.22000,-0.92796,47.22000,-3.67015
47.23673,47.23000,344.57199,47.23000,-1.13715,47.23000,-3.63188
47.24674,47.24000,344.03088,47.24000,-1.32417,47.24000,-3.57600
47.25674,47.25000,343.49298,47.25000,-1.48813,47.25000,-3.50849
47.26674,47.26000,342.97070,47.26000,-1.62928,47.26000,-3.43561
47.27674,47.27000,342.47546,47.27000,-1.74867,47.27000,-3.36347
47.28674,47.28000,342.01730,47.28000,-1.84784,47.28000,-3.29766
47.29674,47.29000,341.60461,47.29000,-1.92854,47.29000,-3.24285
47.30674,47.30000,341.24371,47.30000,-1.99254,47.30000,-3.20247
47.31675,47.31000,340.93887,47.31000,-2.04163,47.31000,-3.17851
47.32675,47.32000,340.69202,47.32000,-2.07771,47.32000,-3.17141
47.33675,47.33000,340.50296,47.33000,-2.10297,47.33000,-3.18016
47.34675,47.34000,340.36923,47.34000,-2.12011,47.34000,-3.20263
47.35675,47.35000,340.28641,47.35000,-2.13240,47.35000,-3.23588
47.36675,47.36000,340.24811,47.36000,-2.14361,47.36000,-3.27670
47.37675,47.37000,340.24634,47.37000,-2.15777,47.37000,-3.32196
47.38676,47.38000,340.27170,47.38000,-2.17879,47.38000,-3.36900
47.39676,47.39000,340.31378,47.39000,-2.21005,47.39000,-3.41586
47.40676,47.40000,340.36154,47.40000,-2.25407,47.40000,-3.46142
47.41676,47.41000,340.40384,47.41000,-2.31218,47.41000,-3.50543
47.42676,47.42000,340.43002,47.42000,-2.38427,47.42000,-3.54846
47.43676,47.43000,340.43027,47.43000,-2.46872,47.43000,-3.59171
47.44676,47.44000,340.39639,47.44000,-2.56242,47.44000,-3.63677
47.45677,47.45000,340.32205,47.45000,-2.66084,47.45000,-3.68538
47.46677,47.46000,340.20346,47.46000,-2.75825,47.46000,-3.73899
47.47677,47.47000,340.03931,47.47000,-2.84806,47.47000,-3.79847
47.48677,47.48000,339.83109,47.48000,-2.92319,47.48000,-3.86374
47.49677,47.49000,339.58267,47.49000,-2.97659,47.49000,-3.93350
47.50677,47.50000,339.30020,47.50000,-3.00184,47.50000,-4.00511
47.51677,47.51000,338.99130,47.51000,-2.99381,47.51000,-4.07464
47.52678,47.52000,338.66455,47.52000,-2.94919,47.52000,-4.13707
47.53678,47.53000,338.32849,47.53000,-2.86697,47.53000,-4.18670
47.54678,47.54000,337.99124,47.54000,-2.74860,47.54000,-4.21765
47.55678,47.55000,337.65964,47.55000,-2.59801,47.55000,-4.22439
47.56678,47.56000,337.33911,47.56000,-2.42125,47.56000,-4.20225
47.57678,47.57000,337.03363,47.57000,-2.22604,47.57000,-4.14787
47.58678,47.58000,336.74588,47.58000,-2.02120,47.58000,-4.05949
47.59679,47.59000,336.47781,47.59000,-1.81596,47.59000,-3.93714
47.60679,47.60000,336.23126,47.60000,-1.61944,47.60000,-3.78264
47.61679,47.61000,336.00870,47.61000,-1.44008,47.61000,-3.59942
47.62679,47.62000,335.81384,47.62000,-1.28526,47.62000,-3.39224
47.63679,47.63000,335.65219,47.63000,-1.16099,47.63000,-3.16671
47.64679,47.64000,335.53101,47.64000,-1.07170,47.64000,-2.92877
47.65679,47.65000,335.45895,47.65000,-1.02007,47.65000,-2.68419
47.66680,47.66000,335.44540,47.66000,-1.00687,47.66000,-2.43807
47.67680,47.67000,335.49939,47.67000,-1.03091,47.67000,-2.19454
47.68680,47.68000,335.62830,47.68000,-1.08907,47.68000,-1.95670
47.69680,47.69000,335.83695,47.69000,-1.17649,47.69000,-1.72668
47.70680,47.70000,336.12683,47.70000,-1.28685,47.70000,-1.50598
47.71680,47.71000,336.49567,47.71000,-1.41286,47.71000,-1.29584
47.72680,47.72000,336.93759,47.72000,-1.54682,47.72000,-1.09756
47.73681,47.73000,337.44357,47.73000,-1.68126,47.73000,-0.91274
47.74681,47.74000,338.00241,47.74000,-1.80942,47.74000,-0.74335
47.75681,47.75000,338.60147,47.75000,-1.92577,47.75000,-0.59159
47.76681,47.76000,339.22788,47.76000,-2.02634,47.76000,-0.45960
47.77681,47.77000,339.86914,47.77000,-2.10884,47.77000,-0.34913
47.78681,47.78000,340.51386,47.78000,-2.17269,47.78000,-0.26124
47.79681,47.79000,341.15198,47.79000,-2.21888,47.79000,-0.19602
47.80682,47.80000,341.77496,47.80000,-2.24971,47.80000,-0.15250
47.81682,47.81000,342.37573,47.81000,-2.26839,47.81000,-0.12867
47.82682,47.82000,342.94849,47.82000,-2.27874,47.82000,-0.12167
47.83682,47.83000,343.48853,47.83000,-2.28471,47.83000,-0.12803
47.84682,47.84000,343.99213,47.84000,-2.29014,47.84000,-0.14400
47.85682,47.85000,344.45639,47.85000,-2.29841,47.85000,-0.16586
47.86682,47.86000,344.87906,47.86000,-2.31224,47.86000,-0.19016
47.87683,47.87000,345.25855,47.87000,-2.33354,47.87000,-0.21402
47.88683,47.88000,345.59381,47.88000,-2.36342,47.88000,-0.23526
47.89683,47.89000,345.88437,47.89000,-2.40216,47.89000,-0.25247
47.90683,47.90000,346.13022,47.90000,-2.44943,47.90000,-0.26505
47.91683,47.91000,346.33191,47.91000,-2.50436,47.91000,-0.27313
47.92683,47.92000,346.49060,47.92000,-2.56580,47.92000,-0.27739
47.93683,47.93000,346.60794,47.93000,-2.63243,47.93000,-0.27884
47.94684,47.94000,346.68622,47.94000,-2.70294,47.94000,-0.27860
47.95684,47.95000,346.72839,47.95000,-2.77607,47.95000,-0.27765
47.96684,47.96000,346.73795,47.96000,-2.85069,47.96000,-0.27659
47.97684,47.97000,346.71887,47.97000,-2.92573,47.97000,-0.27554
47.98684,47.98000,346.67569,47.98000,-3.00015,47.98000,-0.27402
47.99684,47.99000,346.61325,47.99000,-3.07274,47.99000,-0.27096
48.00684,48.00000,346.53662,48.00000,-3.14210,48.00000,-0.26477
48.01685,48.01000,346.45090,48.01000,-3.20654,48.01000,-0.25344
48.02685,48.02000,346.36102,48.02000,-3.26400,48.02000,-0.23473
48.03685,48.03000,346.27164,48.03000,-3.31215,48.03000,-0.20637
48.04685,48.04000,346.18674,48.04000,-3.34836,48.04000,-0.16634
48.05685,48.05000,346.10941,48.05000,-3.36986,48.05000,-0.11307
48.06685,48.06000,346.04163,48.06000,-3.37385,48.06000,-0.04577
48.07685,48.07000,345.98389,48.07000,-3.35760,48.07000,0.03538
48.08686,48.08000,345.93512,48.08000,-3.31866,48.08000,0.12902
48.09686,48.09000,345.89243,48.09000,-3.25487,48.09000,0.23242
48.10686,48.10000,345.85144,48.10000,-3.16450,48.10000,0.34147
48.11686,48.11000,345.80631,48.11000,-3.04625,48.11000,0.45069
48.12686,48.12000,345.75049,48.12000,-2.89923,48.12000,0.55341
48.13686,48.13000,345.67740,48.13000,-2.72306,48.13000,0.64205
48.14686,48.14000,345.58130,48.14000,-2.51787,48.14000,0.70854
48.15687,48.15000,345.45816,48.15000,-2.28460,48.15000,0.74481
48.16687,48.16000,345.30664,48.16000,-2.02525,48.16000,0.74340
48.17687,48.17000,345.12833,48.17000,-1.74325,48.17000,0.69798
48.18687,48.18000,344.92807,48.18000,-1.44379,48.18000,0.60398
48.19687,48.19000,344.71359,48.19000,-1.13405,48.19000,0.45897
48.20687,48.20000,344.49490,48.20000,-0.82320,48.20000,0.26303
48.21687,48.21000,344.28333,48.21000,-0.52193,48.21000,0.01877
48.22688,48.22000,344.09021,48.22000,-0.24178,48.22000,-0.26876
48.23688,48.23000,343.92554,48.23000,0.00591,48.23000,-0.59252
48.24688,48.24000,343.79669,48.24000,0.21104,48.24000,-0.94400
48.25688,48.25000,343.70715,48.25000,0.36570,48.25000,-1.31388
48.26688,48.26000,343.65582,48.26000,0.46475,48.26000,-1.69258
48.27688,48.27000,343.63709,48.27000,0.50607,48.27000,-2.07069
48.28688,48.28000,343.64139,48.28000,0.49050,48.28000,-2.43923
48.29689,48.29000,343.65619,48.29000,0.42154,48.29000,-2.78974
48.30689,48.30000,343.66769,48.30000,0.30497,48.30000,-3.11438
48.31689,48.31000,343.66226,48.31000,0.14840,48.31000,-3.40611
48.32689,48.32000,343.62793,48.32000,-0.03921,48.32000,-3.65895
48.33689,48.33000,343.55548,48.33000,-0.24801,48.33000,-3.86837
48.34689,48.34000,343.43912,48.34000,-0.46772,48.34000,-4.03169
48.35689,48.35000,343.27689,48.35000,-0.68816,48.35000,-4.14836
48.36690,48.36000,343.07037,48.36000,-0.89978,48.36000,-4.22009
48.37690,48.37000,342.82431,48.37000,-1.09418,48.37000,-4.25074
48.38690,48.38000,342.54593,48.38000,-1.26458,48.38000,-4.24597
48.39690,48.39000,342.24420,48.39000,-1.40620,48.39000,-4.21276
48.40690,48.40000,341.92886,48.40000,-1.51638,48.40000,-4.15881
48.41690,48.41000,341.60980,48.41000,-1.59460,48.41000,-4.09195
48.42690,48.42000,341.29627,48.42000,-1.64224,48.42000,-4.01962
48.43691,48.43000,340.99637,48.43000,-1.66236,48.43000,-3.94840
48.44691,48.44000,340.71674,48.44000,-1.65928,48.44000,-3.88368
48.45691,48.45000,340.46234,48.45000,-1.63833,48.45000,-3.82936
48.46691,48.46000,340.23651,48.46000,-1.60558,48.46000,-3.78777
48.47691,48.47000,340.04083,48.47000,-1.56763,48.47000,-3.75966
48.48691,48.48000,339.87546,48.48000,-1.53141,48.48000,-3.74438
48.49691,48.49000,339.73901,48.49000,-1.50394,48.49000,-3.74017
48.50692,48.50000,339.62891,48.50000,-1.49203,48.50000,-3.74456
48.51692,48.51000,339.54132,48.51000,-1.50185,48.51000,-3.75476
48.52692,48.52000,339.47144,48.52000,-1.53841,48.52000,-3.76803
48.53692,48.53000,339.41364,48.53000,-1.60514,48.53000,-3.78197
48.54692,48.54000,339.36169,48.54000,-1.70347,48.54000,-3.79473
48.55692,48.55000,339.30917,48.55000,-1.83265,48.55000,-3.80522
48.56692,48.56000,339.24966,48.56000,-1.98977,48.56000,-3.81315
48.57693,48.57000,339.17728,48.57000,-2.16982,48.57000,-3.81913
48.58693,48.58000,339.08691,48.58000,-2.36611,48.58000,-3.82457
48.59693,48.59000,338.97476,48.59000,-2.57057,48.59000,-3.83163
48.60693,48.60000,338.83838,48.60000,-2.77433,48.60000,-3.84301
48.61693,48.61000,338.67709,48.61000,-2.96815,48.61000,-3.86170
48.62693,48.62000,338.49200,48.62000,-3.14297,48.62000,-3.89064
48.63693,48.63000,338.28598,48.63000,-3.29031,48.63000,-3.93233
48.64694,48.64000,338.06339,48.64000,-3.40271,48.64000,-3.98843
48.65694,48.65000,337.82990,48.65000,-3.47410,48.65000,-4.05934
48.66694,48.66000,337.59189,48.66000,-3.50018,48.66000,-4.14390
48.67694,48.67000,337.35593,48.67000,-3.47876,48.67000,-4.23926
48.68694,48.68000,337.12808,48.68000,-3.41009,48.68000,-4.34086
48.69694,48.69000,336.91342,48.69000,-3.29701,48.69000,-4.44267
48.70694,48.70000,336.71536,48.70000,-3.14496,48.70000,-4.53760
48.71695,48.71000,336.53549,48.71000,-2.96175,48.71000,-4.61801
48.72695,48.72000,336.37335,48.72000,-2.75719,48.72000,-4.67630
48.73695,48.73000,336.22669,48.73000,-2.54249,48.73000,-4.70557
48.74695,48.74000,336.09180,48.74000,-2.32953,48.74000,-4.70020
48.75695,48.75000,335.96414,48.75000,-2.13004,48.75000,-4.65643
48.76695,48.76000,335.83923,48.76000,-1.95486,48.76000,-4.57268
48.77695,48.77000,335.71365,48.77000,-1.81322,48.77000,-4.44976
48.78696,48.78000,335.58594,48.78000,-1.71236,48.78000,-4.29077
48.79696,48.79000,335.45743,48.79000,-1.65714,48.79000,-4.10079
48.80696,48.80000,335.33264,48.80000,-1.64999,48.80000,-3.88637
48.81696,48.81000,335.21936,48.81000,-1.69075,48.81000,-3.65488
48.82696,48.82000,335.12796,48.82000,-1.77663,48.82000,-3.41389
48.83696,48.83000,335.07053,48.83000,-1.90226,48.83000,-3.17052
48.84696,48.84000,335.05951,48.84000,-2.05981,48.84000,-2.93110
48.85697,48.85000,335.10654,48.85000,-2.23937,48.85000,-2.70088
48.86697,48.86000,335.22110,48.86000,-2.42945,48.86000,-2.48401
48.87697,48.87000,335.40964,48.87000,-2.61777,48.87000,-2.28350
48.88697,48.88000,335.67499,48.88000,-2.79204,48.88000,-2.10137
48.89697,48.89000,336.01602,48.89000,-2.94091,48.89000,-1.93865
48.90697,48.90000,336.42773,48.90000,-3.05486,48.90000,-1.79554
48.91697,48.91000,336.90158,48.91000,-3.12694,48.91000,-1.67145
48.92698,48.92000,337.42600,48.92000,-3.15337,48.92000,-1.56518
48.93698,48.93000,337.98715,48.93000,-3.13378,48.93000,-1.47505
48.94698,48.94000,338.56995,48.94000,-3.07115,48.94000,-1.39909
48.95698,48.95000,339.15872,48.95000,-2.97137,48.95000,-1.33518
48.96698,48.96000,339.73828,48.96000,-2.84257,48.96000,-1.28116
48.97698,48.97000,340.29477,48.97000,-2.69425,48.97000,-1.23495
48.98698,48.98000,340.81619,48.98000,-2.53636,48.98000,-1.19455
48.99699,48.99000,341.29297,48.99000,-2.37842,48.99000,-1.15810
49.00699,49.00000,341.71805,49.00000,-2.22876,49.00000,-1.12391
49.01699,49.01000,342.08691,49.01000,-2.09406,49.01000,-1.09057
49.02699,49.02000,342.39743,49.02000,-1.97904,49.02000,-1.05702
49.03699,49.03000,342.64951,49.03000,-1.88648,49.03000,-1.02271
49.04699,49.04000,342.84479,49.04000,-1.81746,49.04000,-0.98763
49.05699,49.05000,342.98648,49.05000,-1.77164,49.05000,-0.95238
49.06700,49.06000,343.07895,49.06000,-1.74773,49.06000,-0.91805
49.07700,49.07000,343.12756,49.07000,-1.74386,49.07000,-0.88608
49.08700,49.08000,343.13852,49.08000,-1.75791,49.08000,-0.85801
49.09700,49.09000,343.11853,49.09000,-1.78775,49.09000,-0.83528
49.10700,49.10000,343.07462,49.10000,-1.83135,49.10000,-0.81888
49.11700,49.11000,343.01392,49.11000,-1.88675,49.11000,-0.80926
49.12700,49.12000,342.94342,49.12000,-1.95202,49.12000,-0.80611
49.13701,49.13000,342.86978,49.13000,-2.02509,49.13000,-0.80833
49.14701,49.14000,342.79904,49.14000,-2.10364,49.14000,-0.81413
49.15701,49.15000,342.73642,49.15000,-2.18500,49.15000,-0.82109
49.16701,49.16000,342.68616,49.16000,-2.26609,49.16000,-0.82635
49.17701,49.17000,342.65125,49.17000,-2.34345,49.17000,-0.82689
49.18701,49.18000,342.63333,49.18000,-2.41330,49.18000,-0.81977
49.19701,49.19000,342.63245,49.19000,-2.47170,49.19000,-0.80240
49.20702,49.20000,342.64697,49.20000,-2.51470,49.20000,-0.77285
49.21702,49.21000,342.67358,49.21000,-2.53861,49.21000,-0.73010
49.22702,49.22000,342.70743,49.22000,-2.54015,49.22000,-0.67425
49.23702,49.23000,342.74222,49.23000,-2.51667,49.23000,-0.60661
49.24702,49.24000,342.77087,49.24000,-2.46620,49.24000,-0.52976
49.25702,49.25000,342.78583,49.25000,-2.38745,49.25000,-0.44747
49.26702,49.26000,342.77988,49.26000,-2.27972,49.26000,-0.36456
49.27703,49.27000,342.74692,49.27000,-2.14279,49.27000,-0.28673
49.28703,49.28000,342.68259,49.28000,-1.97678,49.28000,-0.22028
49.29703,49.29000,342.58505,49.29000,-1.78210,49.29000,-0.17189
49.30703,49.30000,342.45535,49.30000,-1.55956,49.30000,-0.14829
49.31703,49.31000,342.29746,49.31000,-1.31062,49.31000,-0.15600
49.32703,49.32000,342.11832,49.32000,-1.03784,49.32000,-0.20100
49.33703,49.33000,341.92706,49.33000,-0.74535,49.33000,-0.28839
49.34704,49.34000,341.73456,49.34000,-0.43924,49.34000,-0.42197
49.35704,49.35000,341.55209,49.35000,-0.12772,49.35000,-0.60392
49.36704,49.36000,341.39063,49.36000,0.17908,49.36000,-0.83437
49.37704,49.37000,341.25940,49.37000,0.46966,49.37000,-1.11122
49.38704,49.38000,341.16504,49.38000,0.73192,49.38000,-1.43006
49.39704,49.39000,341.11075,49.39000,0.95411,49.39000,-1.78426
49.40704,49.40000,341.09573,49.40000,1.12585,49.40000,-2.16524
49.41704,49.41000,341.11508,49.41000,1.23893,49.41000,-2.56279
49.42705,49.42000,341.16016,49.42000,1.28809,49.42000,-2.96555
49.43705,49.43000,341.21921,49.43000,1.27130,49.43000,-3.36148
49.44705,49.44000,341.27869,49.44000,1.18996,49.44000,-3.73840
49.45705,49.45000,341.32446,49.45000,1.04873,49.45000,-4.08457
49.46705,49.46000,341.34314,49.46000,0.85531,49.46000,-4.38934
49.47705,49.47000,341.32321,49.47000,0.61991,49.47000,-4.64384
49.48705,49.48000,341.25595,49.48000,0.35467,49.48000,-4.84160
49.49706,49.49000,341.13590,49.49000,0.07290,49.49000,-4.97903
49.50706,49.50000,340.96130,49.50000,-0.21173,49.50000,-5.05568
49.51706,49.51000,340.73389,49.51000,-0.48610,49.51000,-5.07422
49.52706,49.52000,340.45865,49.52000,-0.73844,49.52000,-5.04003
49.53706,49.53000,340.14316,49.53000,-0.95905,49.53000,-4.96073
49.54706,49.54000,339.79703,49.54000,-1.14084,49.54000,-4.84540
49.55706,49.55000,339.43100,49.55000,-1.27968,49.55000,-4.70395
49.56707,49.56000,339.05634,49.56000,-1.37446,49.56000,-4.54638
49.57707,49.57000,338.68393,49.57000,-1.42696,49.57000,-4.38221
49.58707,49.58000,338.32404,49.58000,-1.44152,49.58000,-4.21999
49.59707,49.59000,337.98572,49.59000,-1.42460,49.59000,-4.06687
49.60707,49.60000,337.67679,49.60000,-1.38423,49.60000,-3.92835
49.61707,49.61000,337.40347,49.61000,-1.32944,49.61000,-3.80810
49.62707,49.62000,337.17056,49.62000,-1.26975,49.62000,-3.70801
49.63708,49.63000,336.98114,49.63000,-1.21454,49.63000,-3.62833
49.64708,49.64000,336.83658,49.64000,-1.17258,49.64000,-3.56802
49.65708,49.65000,336.73654,49.65000,-1.15141,49.65000,-3.52514
49.66708,49.66000,336.67868,49.66000,-1.15691,49.66000,-3.49725
49.67708,49.67000,336.65881,49.67000,-1.19292,49.67000,-3.48180
49.68708,49.68000,336.67078,49.68000,-1.26105,49.68000,-3.47645
49.69708,49.69000,336.70676,49.69000,-1.36060,49.69000,-3.47927
49.70709,49.70000,336.75726,49.70000,-1.48870,49.70000,-3.48891
49.71709,49.71000,336.81168,49.71000,-1.64057,49.71000,-3.50464
49.72709,49.72000,336.85864,49.72000,-1.80991,49.72000,-3.52633
49.73709,49.73000,336.88669,49.73000,-1.98929,49.73000,-3.55440
49.74709,49.74000,336.88480,49.74000,-2.17063,49.74000,-3.58964
49.75709,49.75000,336.84320,49.75000,-2.34567,49.75000,-3.63306
49.76709,49.76000,336.75397,49.76000,-2.50636,49.76000,-3.68564
49.77710,49.77000,336.61169,49.77000,-2.64524,49.77000,-3.74815
49.78710,49.78000,336.41397,49.78000,-2.75571,49.78000,-3.82082
49.79710,49.79000,336.16168,49.79000,-2.83237,49.79000,-3.90314
49.80710,49.80000,335.85907,49.80000,-2.87122,49.80000,-3.99366
49.81710,49.81000,335.51346,49.81000,-2.86989,49.81000,-4.08980
49.82710,49.82000,335.13477,49.82000,-2.82792,49.82000,-4.18790
49.83710,49.83000,334.73474,49.83000,-2.74685,49.83000,-4.28324
49.84711,49.84000,334.32590,49.84000,-2.63036,49.84000,-4.37033
49.85711,49.85000,333.92065,49.85000,-2.48413,49.85000,-4.44318
49.86711,49.86000,333.53027,49.86000,-2.31571,49.86000,-4.49571
49.87711,49.87000,333.16419,49.87000,-2.13403,49.87000,-4.52211
49.88711,49.88000,332.82938,49.88000,-1.94884,49.88000,-4.51733
49.89711,49.89000,332.53046,49.89000,-1.76996,49.89000,-4.47735
49.90711,49.90000,332.26950,49.90000,-1.60655,49.90000,-4.39959
49.91712,49.91000,332.04700,49.91000,-1.46647,49.91000,-4.28310
49.92712,49.92000,331.86234,49.92000,-1.35585,49.92000,-4.12863
49.93712,49.93000,331.71491,49.93000,-1.27886,49.93000,-3.93858
49.94712,49.94000,331.60474,49.94000,-1.23767,49.94000,-3.71683
49.95712,49.95000,331.53299,49.95000,-1.23244,49.95000,-3.46842
49.96712,49.96000,331.50201,49.96000,-1.26130,49.96000,-3.19921
49.97712,49.97000,331.51511,49.97000,-1.32046,49.97000,-2.91554
49.98713,49.98000,331.57587,49.98000,-1.40433,49.98000,-2.62396
49.99713,49.99000,331.68771,49.99000,-1.50581,49.99000,-2.33107
50.00713,50.00000,331.85309,50.00000,-1.61676,50.00000,-2.04340
50.01713,50.01000,332.07315,50.01000,-1.72848,50.01000,-1.76726
50.02713,50.02000,332.34732,50.02000,-1.83239,50.02000,-1.50853
50.03713,50.03000,332.67316,50.03000,-1.92065,50.03000,-1.27248
50.04713,50.04000,333.04633,50.04000,-1.98677,50.04000,-1.06340
50.05714,50.05000,333.46085,50.05000,-2.02616,50.05000,-0.88442
50.06714,50.06000,333.90906,50.06000,-2.03645,50.06000,-0.73727
50.07714,50.07000,334.38214,50.07000,-2.01765,50.07000,-0.62221
50.08714,50.08000,334.87027,50.08000,-1.97205,50.08000,-0.53814
50.09714,50.09000,335.36325,50.09000,-1.90392,50.09000,-0.48271
50.10714,50.10000,335.85080,50.10000,-1.81897,50.10000,-0.45266
50.11714,50.11000,336.32321,50.11000,-1.72381,50.11000,-0.44405
50.12715,50.12000,336.77182,50.12000,-1.62522,50.12000,-0.45259
50.13715,50.13000,337.18915,50.13000,-1.52959,50.13000,-0.47389
50.14715,50.14000,337.56934,50.14000,-1.44240,50.14000,-0.50365
50.15715,50.15000,337.90793,50.15000,-1.36785,50.15000,-0.53798
50.16715,50.16000,338.20203,50.16000,-1.30869,50.16000,-0.57355
50.17715,50.17000,338.45007,50.17000,-1.26626,50.17000,-0.60781
50.18715,50.18000,338.65179,50.18000,-1.24061,50.18000,-0.63915
50.19716,50.19000,338.80808,50.19000,-1.23086,50.19000,-0.66691
50.20716,50.20000,338.92084,50.20000,-1.23545,50.20000,-0.69135
50.21716,50.21000,338.99304,50.21000,-1.25251,50.21000,-0.71344
50.22716,50.22000,339.02860,50.22000,-1.28008,50.22000,-0.73461
50.23716,50.23000,339.03217,50.23000,-1.31630,50.23000,-0.75644
50.24716,50.24000,339.00909,50.24000,-1.35950,50.24000,-0.78034
50.25716,50.25000,338.96512,50.25000,-1.40818,50.25000,-0.80728
50.26717,50.26000,338.90631,50.26000,-1.46093,50.26000,-0.83757
50.27717,50.27000,338.83887,50.27000,-1.51633,50.27000,-0.87070
50.28717,50.28000,338.76868,50.28000,-1.57281,50.28000,-0.90532
50.29717,50.29000,338.70132,50.29000,-1.62855,50.29000,-0.93924
50.30717,50.30000,338.64175,50.30000,-1.68145,50.30000,-0.96957
50.31717,50.31000,338.59399,50.31000,-1.72913,50.31000,-0.99293
50.32717,50.32000,338.56101,50.32000,-1.76900,50.32000,-1.00568
50.33718,50.33000,338.54437,50.33000,-1.79834,50.33000,-1.00429
50.34718,50.34000,338.54422,50.34000,-1.81447,50.34000,-0.98567
50.35718,50.35000,338.55917,50.35000,-1.81497,50.35000,-0.94758
50.36718,50.36000,338.58633,50.36000,-1.79786,50.36000,-0.88896
50.37718,50.37000,338.62158,50.37000,-1.76182,50.37000,-0.81024
50.38718,50.38000,338.65979,50.38000,-1.70627,50.38000,-0.71346
50.39718,50.39000,338.69531,50.39000,-1.63133,50.39000,-0.60238
50.40719,50.40000,338.72253,50.40000,-1.53775,50.40000,-0.48229
50.41719,50.41000,338.73645,50.41000,-1.42658,50.41000,-0.35980
50.42719,50.42000,338.73325,50.42000,-1.29886,50.42000,-0.24241
50.43719,50.43000,338.71079,50.43000,-1.15528,50.43000,-0.13808
50.44719,50.44000,338.66888,50.44000,-0.99600,50.44000,-0.05472
50.45719,50.45000,338.60944,50.45000,-0.82061,50.45000,0.00034
50.46719,50.46000,338.53622,50.46000,-0.62847,50.46000,0.02069
50.47720,50.47000,338.45450,50.47000,-0.41928,50.47000,0.00124
50.48720,50.48000,338.37054,50.48000,-0.19383,50.48000,-0.06153
50.49720,50.49000,338.29099,50.49000,0.04525,50.49000,-0.16941
50.50720,50.50000,338.22241,50.50000,0.29307,50.50000,-0.32227
50.51720,50.51000,338.17081,50.51000,0.54231,50.51000,-0.51808
50.52720,50.52000,338.14096,50.52000,0.78367,50.52000,-0.75290
50.53720,50.53000,338.13617,50.53000,1.00657,50.53000,-1.02118
50.54721,50.54000,338.15768,50.54000,1.20021,50.54000,-1.31606
50.55721,50.55000,338.20447,50.55000,1.35465,50.55000,-1.62983
50.56721,50.56000,338.27301,50.56000,1.46185,50.56000,-1.95443
50.57721,50.57000,338.35727,50.57000,1.51634,50.57000,-2.28174
50.58721,50.58000,338.44910,50.58000,1.51561,50.58000,-2.60386
50.59721,50.59000,338.53861,50.59000,1.46022,50.59000,-2.91316
50.60721,50.60000,338.61508,50.60000,1.35360,50.60000,-3.20233
50.61722,50.61000,338.66791,50.61000,1.20175,50.61000,-3.46437
50.62722,50.62000,338.68744,50.62000,1.01284,50.62000,-3.69277
50.63722,50.63000,338.66574,50.63000,0.79665,50.63000,-3.88180
50.64722,50.64000,338.59711,50.64000,0.56401,50.64000,-4.02691
50.65722,50.65000,338.47855,50.65000,0.32623,50.65000,-4.12521
50.66722,50.66000,338.30966,50.66000,0.09436,50.66000,-4.17585
50.67722,50.67000,338.09271,50.67000,-0.12138,50.67000,-4.18018
50.68723,50.68000,337.83221,50.68000,-0.31224,50.68000,-4.14176
50.69723,50.69000,337.53464,50.69000,-0.47142,50.69000,-4.06606
50.70723,50.70000,337.20789,50.70000,-0.59443,50.70000,-3.96005
50.71723,50.71000,336.86078,50.71000,-0.67929,50.71000,-3.83169
50.72723,50.72000,336.50266,50.72000,-0.72656,50.72000,-3.68934
50.73723,50.73000,336.14276,50.73000,-0.73916,50.73000,-3.54134
50.74723,50.74000,335.78989,50.74000,-0.72195,50.74000,-3.39552
50.75724,50.75000,335.45200,50.75000,-0.68127,50.75000,-3.25884
50.76724,50.76000,335.13611,50.76000,-0.62433,50.76000,-3.13710
50.77724,50.77000,334.84793,50.77000,-0.55873,50.77000,-3.03467
50.78724,50.78000,334.59195,50.78000,-0.49196,50.78000,-2.95440
50.79724,50.79000,334.37128,50.79000,-0.43107,50.79000,-2.89753
50.80724,50.80000,334.18762,50.80000,-0.38244,50.80000,-2.86385
50.81724,50.81000,334.04123,50.81000,-0.35161,50.81000,-2.85188
50.82725,50.82000,333.93097,50.82000,-0.34323,50.82000,-2.85921
50.83725,50.83000,333.85410,50.83000,-0.36093,50.83000,-2.88284
50.84725,50.84000,333.80640,50.84000,-0.40716,50.84000,-2.91951
50.85725,50.85000,333.78210,50.85000,-0.48315,50.85000,-2.96598
50.86725,50.86000,333.77408,50.86000,-0.58875,50.86000,-3.01934
50.87725,50.87000,333.77396,50.87000,-0.72244,50.87000,-3.07711
50.88725,50.88000,333.77240,50.88000,-0.88136,50.88000,-3.13746
50.89726,50.89000,333.75961,50.89000,-1.06141,50.89000,-3.19923
50.90726,50.90000,333.72568,50.90000,-1.25743,50.90000,-3.26196
50.91726,50.91000,333.66126,50.91000,-1.46343,50.91000,-3.32584
50.92726,50.92000,333.55804,50.92000,-1.67277,50.92000,-3.39156
50.93726,50.93000,333.40945,50.93000,-1.87847,50.93000,-3.46022
50.94726,50.94000,333.21103,50.94000,-2.07342,50.94000,-3.53301
50.95726,50.95000,332.96100,50.95000,-2.25065,50.95000,-3.61098
50.96727,50.96000,332.66040,50.96000,-2.40361,50.96000,-3.69478
50.97727,50.97000,332.31317,50.97000,-2.52642,50.97000,-3.78432
50.98727,50.98000,331.92609,50.98000,-2.61417,50.98000,-3.87863
50.99727,50.99000,331.50824,50.99000,-2.66327,50.99000,-3.97570
51.00727,51.00000,331.07059,51.00000,-2.67171,51.00000,-4.07254
51.01727,51.01000,330.62506,51.01000,-2.63930,51.01000,-4.16525
51.02727,51.02000,330.18393,51.02000,-2.56781,51.02000,-4.24930
51.03728,51.03000,329.75876,51.03000,-2.46083,51.03000,-4.31981
51.04728,51.04000,329.35977,51.04000,-2.32360,51.04000,-4.37189
51.05728,51.05000,328.99536,51.05000,-2.16263,51.05000,-4.40097
51.06728,51.06000,328.67154,51.06000,-1.98523,51.06000,-4.40316
51.07728,51.07000,328.39179,51.07000,-1.79901,51.07000,-4.37551
51.08728,51.08000,328.15729,51.08000,-1.61143,51.08000,-4.31620
51.09728,51.09000,327.96716,51.09000,-1.42942,51.09000,-4.22468
51.10729,51.10000,327.81903,51.10000,-1.25915,51.10000,-4.10159
51.11729,51.11000,327.70969,51.11000,-1.10586,51.11000,-3.94860
51.12729,51.12000,327.63599,51.12000,-0.97394,51.12000,-3.76825
51.13729,51.13000,327.59528,51.13000,-0.86690,51.13000,-3.56367
51.14729,51.14000,327.58609,51.14000,-0.78744,51.14000,-3.33834
51.15729,51.15000,327.60809,51.15000,-0.73746,51.15000,-3.09599
51.16729,51.16000,327.66217,51.16000,-0.71793,51.16000,-2.84044
51.17730,51.17000,327.74997,51.17000,-0.72888,51.17000,-2.57562
51.18730,51.18000,327.87335,51.18000,-0.76928,51.18000,-2.30561
51.19730,51.19000,328.03388,51.19000,-0.83694,51.19000,-2.03474
51.20730,51.20000,328.23221,51.20000,-0.92854,51.20000,-1.76769
51.21730,51.21000,328.46780,51.21000,-1.03965,51.21000,-1.50952
51.22730,51.22000,328.73886,51.22000,-1.16501,51.22000,-1.26554
51.23730,51.23000,329.04248,51.23000,-1.29880,51.23000,-1.04109
51.24731,51.24000,329.37485,51.24000,-1.43509,51.24000,-0.84118
51.25731,51.25000,329.73163,51.25000,-1.56824,51.25000,-0.66998
51.26731,51.26000,330.10819,51.26000,-1.69331,51.26000,-0.53048
51.27731,51.27000,330.49991,51.27000,-1.80638,51.27000,-0.42413
51.28731,51.28000,330.90216,51.28000,-1.90481,51.28000,-0.35068
51.29731,51.29000,331.31033,51.29000,-1.98737,51.29000,-0.30829
51.30731,51.30000,331.71985,51.30000,-2.05420,51.30000,-0.29366
51.31732,51.31000,332.12607,51.31000,-2.10665,51.31000,-0.30247
51.32732,51.32000,332.52435,51.32000,-2.14708,51.32000,-0.32968
51.33732,51.33000,332.91007,51.33000,-2.17846,51.33000,-0.36999
51.34732,51.34000,333.27863,51.34000,-2.20401,51.34000,-0.41821
51.35732,51.35000,333.62564,51.35000,-2.22686,51.35000,-0.46957
51.36732,51.36000,333.94696,51.36000,-2.24973,51.36000,-0.51999
51.37732,51.37000,334.23880,51.37000,-2.27474,51.37000,-0.56626
51.38733,51.38000,334.49789,51.38000,-2.30337,51.38000,-0.60611
51.39733,51.39000,334.72162,51.39000,-2.33649,51.39000,-0.63830
51.40733,51.40000,334.90820,51.40000,-2.37450,51.40000,-0.66253
51.41733,51.41000,335.05679,51.41000,-2.41750,51.41000,-0.67933
51.42733,51.42000,335.16760,51.42000,-2.46548,51.42000,-0.68988
51.43733,51.43000,335.24197,51.43000,-2.51839,51.43000,-0.69573
51.44733,51.44000,335.28232,51.44000,-2.57626,51.44000,-0.69854
51.45734,51.45000,335.29202,51.45000,-2.63920,51.45000,-0.69986
51.46734,51.46000,335.27533,51.46000,-2.70729,51.46000,-0.70085
51.47734,51.47000,335.23703,51.47000,-2.78055,51.47000,-0.70221
51.48734,51.48000,335.18231,51.48000,-2.85873,51.48000,-0.70406
51.49734,51.49000,335.11639,51.49000,-2.94120,51.49000,-0.70600
51.50734,51.50000,335.04437,51.50000,-3.02679,51.50000,-0.70713
51.51734,51.51000,334.97104,51.51000,-3.11361,51.51000,-0.70624
51.52735,51.52000,334.90048,51.52000,-3.19902,51.52000,-0.70187
51.53735,51.53000,334.83612,51.53000,-3.27947,51.53000,-0.69255
51.54735,51.54000,334.78052,51.54000,-3.35061,51.54000,-0.67693
51.55735,51.55000,334.73529,51.55000,-3.40730,51.55000,-0.65397
51.56735,51.56000,334.70123,51.56000,-3.44384,51.56000,-0.62310
51.57735,51.57000,334.67804,51.57000,-3.45421,51.57000,-0.58435
51.58735,51.58000,334.66470,51.58000,-3.43238,51.58000,-0.53850
51.59736,51.59000,334.65933,51.59000,-3.37271,51.59000,-0.48710
51.60736,51.60000,334.65945,51.60000,-3.27033,51.60000,-0.43249
51.61736,51.61000,334.66223,51.61000,-3.12146,51.61000,-0.37783
51.62736,51.62000,334.66467,51.62000,-2.92381,51.62000,-0.32686
51.63736,51.63000,334.66406,51.63000,-2.67681,51.63000,-0.28379
51.64736,51.64000,334.65817,51.64000,-2.38187,51.64000,-0.25300
51.65736,51.65000,334.64560,51.65000,-2.04262,51.65000,-0.23867
51.66737,51.66000,334.62598,51.66000,-1.66510,51.66000,-0.24447
51.67737,51.67000,334.59988,51.67000,-1.25802,51.67000,-0.27322
51.68737,51.68000,334.56894,51.68000,-0.83277,51.68000,-0.32668
51.69737,51.69000,334.53546,51.69000,-0.40338,51.69000,-0.40539
51.70737,51.70000,334.50229,51.70000,0.01405,51.70000,-0.50870
51.71737,51.71000,334.47229,51.71000,0.40229,51.71000,-0.63487
51.72737,51.72000,334.44788,51.72000,0.74433,51.72000,-0.78125
51.73738,51.73000,334.43036,51.73000,1.02497,51.73000,-0.94448
51.74738,51.74000,334.41904,51.74000,1.23222,51.74000,-1.12086
51.75738,51.75000,334.41080,51.75000,1.35834,51.75000,-1.30657
51.76738,51.76000,334.39993,51.76000,1.40025,51.76000,-1.49797
51.77738,51.77000,334.37851,51.77000,1.35945,51.77000,-1.69179
51.78738,51.78000,334.33740,51.78000,1.24150,51.78000,-1.88507
51.79738,51.79000,334.26743,51.79000,1.05533,51.79000,-2.07497
51.80739,51.80000,334.16031,51.80000,0.81243,51.80000,-2.25861
51.81739,51.81000,334.00980,51.81000,0.52593,51.81000,-2.43282
51.82739,51.82000,333.81213,51.82000,0.20964,51.82000,-2.59426
51.83739,51.83000,333.56653,51.83000,-0.12279,51.83000,-2.73949
51.84739,51.84000,333.27493,51.84000,-0.45868,51.84000,-2.86531
51.85739,51.85000,332.94186,51.85000,-0.78688,51.85000,-2.96908
51.86739,51.86000,332.57379,51.86000,-1.09821,51.86000,-3.04897
51.87740,51.87000,332.17856,51.87000,-1.38567,51.87000,-3.10420
51.88740,51.88000,331.76483,51.88000,-1.64452,51.88000,-3.13507
51.89740,51.89000,331.34146,51.89000,-1.87219,51.89000,-3.14301
51.90740,51.90000,330.91721,51.90000,-2.06807,51.90000,-3.13042
51.91740,51.91000,330.50015,51.91000,-2.23327,51.91000,-3.10049
51.92740,51.92000,330.09766,51.92000,-2.37013,51.92000,-3.05699
51.93740,51.93000,329.71603,51.93000,-2.48186,51.93000,-3.00396
51.94741,51.94000,329.36066,51.94000,-2.57209,51.94000,-2.94544
51.95741,51.95000,329.03574,51.95000,-2.64450,51.95000,-2.88511
51.96741,51.96000,328.74460,51.96000,-2.70259,51.96000,-2.82602
51.97741,51.97000,328.48947,51.97000,-2.74953,51.97000,-2.77034
51.98741,51.98000,328.27173,51.98000,-2.78820,51.98000,-2.71923
51.99741,51.99000,328.09158,51.99000,-2.82120,51.99000,-2.67291
52.00741,52.00000,327.94830,52.00000,-2.85095,52.00000,-2.63077
52.01742,52.01000,327.83984,52.01000,-2.87972,52.01000,-2.59174
52.02742,52.02000,327.76294,52.02000,-2.90951,52.02000,-2.55457
52.03742,52.03000,327.71280,52.03000,-2.94191,52.03000,-2.51817
52.04742,52.04000,327.68329,52.04000,-2.97786,52.04000,-2.48194
52.05742,52.05000,327.66681,52.05000,-3.01753,52.05000,-2.44596
52.06742,52.06000,327.65472,52.06000,-3.06014,52.06000,-2.41114
52.07742,52.07000,327.63745,52.07000,-3.10400,52.07000,-2.37936
52.08743,52.08000,327.60516,52.08000,-3.14653,52.08000,-2.35344
52.09743,52.09000,327.54816,52.09000,-3.18442,52.09000,-2.33708
52.10743,52.10000,327.45758,52.10000,-3.21384,52.10000,-2.33465
52.11743,52.11000,327.32611,52.11000,-3.23072,52.11000,-2.35092
52.12743,52.12000,327.14859,52.12000,-3.23100,52.12000,-2.39064
52.13743,52.13000,326.92252,52.13000,-3.21087,52.13000,-2.45801
52.14743,52.14000,326.64859,52.14000,-3.16704,52.14000,-2.55607
52.15744,52.15000,326.33072,52.15000,-3.09693,52.15000,-2.68613
52.16744,52.16000,325.97601,52.16000,-2.99892,52.16000,-2.84725
52.17744,52.17000,325.59445,52.17000,-2.87247,52.17000,-3.03580
52.18744,52.18000,325.19809,52.18000,-2.71833,52.18000,-3.24540
52.19744,52.19000,324.80023,52.19000,-2.53862,52.19000,-3.46708
52.20744,52.20000,324.41446,52.20000,-2.33692,52.20000,-3.68975
52.21744,52.21000,324.05347,52.21000,-2.11832,52.21000,-3.90103
52.22745,52.22000,323.72836,52.22000,-1.88933,52.22000,-4.08821
52.23745,52.23000,323.44782,52.23000,-1.65769,52.23000,-4.23934
52.24745,52.24000,323.21759,52.24000,-1.43198,52.24000,-4.34435
52.25745,52.25000,323.04053,52.25000,-1.22108,52.25000,-4.39591
52.26745,52.26000,322.91657,52.26000,-1.03343,52.26000,-4.39012
52.27745,52.27000,322.84332,52.27000,-0.87639,52.27000,-4.32673
52.28745,52.28000,322.81702,52.28000,-0.75568,52.28000,-4.20900
52.29746,52.29000,322.83322,52.29000,-0.67500,52.29000,-4.04317
52.30746,52.30000,322.88821,52.30000,-0.63592,52.30000,-3.83768
52.31746,52.31000,322.97958,52.31000,-0.63791,52.31000,-3.60224
52.32746,52.32000,323.10678,52.32000,-0.67854,52.32000,-3.34690
52.33746,52.33000,323.27109,52.33000,-0.75362,52.33000,-3.08136
52.34746,52.34000,323.47513,52.34000,-0.85754,52.34000,-2.81433
52.35746,52.35000,323.72211,52.35000,-0.98342,52.35000,-2.55326
52.36747,52.36000,324.01492,52.36000,-1.12348,52.36000,-2.30419
52.37747,52.37000,324.35550,52.37000,-1.26941,52.37000,-2.07170
52.38747,52.38000,324.74393,52.38000,-1.41283,52.38000,-1.85903
52.39747,52.39000,325.17825,52.39000,-1.54589,52.39000,-1.66810
52.40747,52.40000,325.65421,52.40000,-1.66182,52.40000,-1.49962
52.41747,52.41000,326.16538,52.41000,-1.75550,52.41000,-1.35330
52.42747,52.42000,326.70346,52.42000,-1.82378,52.42000,-1.22795
52.43748,52.43000,327.25873,52.43000,-1.86572,52.43000,-1.12173
52.44748,52.44000,327.82053,52.44000,-1.88253,52.44000,-1.03236
52.45748,52.45000,328.37796,52.45000,-1.87738,52.45000,-0.95733
52.46748,52.46000,328.92047,52.46000,-1.85499,52.46000,-0.89407
52.47748,52.47000,329.43832,52.47000,-1.82118,52.47000,-0.84008
52.48748,52.48000,329.92322,52.48000,-1.78225,52.48000,-0.79299
52.49748,52.49000,330.36829,52.49000,-1.74439,52.49000,-0.75069
52.50749,52.50000,330.76831,52.50000,-1.71312,52.50000,-0.71134
52.51749,52.51000,331.11972,52.51000,-1.69283,52.51000,-0.67348
52.52749,52.52000,331.42029,52.52000,-1.68653,52.52000,-0.63616
52.53749,52.53000,331.66925,52.53000,-1.69573,52.53000,-0.59897
52.54749,52.54000,331.86697,52.54000,-1.72049,52.54000,-0.56206
52.55749,52.55000,332.01502,52.55000,-1.75966,52.55000,-0.52608
52.56749,52.56000,332.11594,52.56000,-1.81119,52.56000,-0.49210
52.57750,52.57000,332.17325,52.57000,-1.87242,52.57000,-0.46139
52.58750,52.58000,332.19135,52.58000,-1.94048,52.58000,-0.43520
52.59750,52.59000,332.17535,52.59000,-2.01255,52.59000,-0.41465
52.60750,52.60000,332.13107,52.60000,-2.08612,52.60000,-0.40044
52.61750,52.61000,332.06488,52.61000,-2.15910,52.61000,-0.39281
52.62750,52.62000,331.98337,52.62000,-2.22989,52.62000,-0.39136
52.63750,52.63000,331.89340,52.63000,-2.29727,52.63000,-0.39509
52.64751,52.64000,331.80167,52.64000,-2.36033,52.64000,-0.40232
52.65751,52.65000,331.71460,52.65000,-2.41827,52.65000,-0.41080
52.66751,52.66000,331.63797,52.66000,-2.47026,52.66000,-0.41783
52.67751,52.67000,331.57672,52.67000,-2.51529,52.67000,-0.42046
52.68751,52.68000,331.53464,52.68000,-2.55205,52.68000,-0.41571
52.69751,52.69000,331.51413,52.69000,-2.57885,52.69000,-0.40090
52.70751,52.70000,331.51596,52.70000,-2.59371,52.70000,-0.37397
52.71752,52.71000,331.53915,52.71000,-2.59434,52.71000,-0.33379
52.72752,52.72000,331.58081,52.72000,-2.57829,52.72000,-0.28041
52.73752,52.73000,331.63632,52.73000,-2.54307,52.73000,-0.21524
52.74752,52.74000,331.69934,52.74000,-2.48620,52.74000,-0.14107
52.75752,52.75000,331.76239,52.75000,-2.40534,52.75000,-0.06200
52.76752,52.76000,331.81726,52.76000,-2.29827,52.76000,0.01678
52.77752,52.77000,331.85590,52.77000,-2.16301,52.77000,0.08931
52.78753,52.78000,331.87103,52.78000,-1.99789,52.78000,0.14935
52.79753,52.79000,331.85712,52.79000,-1.80176,52.79000,0.19076
52.80753,52.80000,331.81082,52.80000,-1.57435,52.80000,0.20801
52.81753,52.81000,331.73148,52.81000,-1.31680,52.81000,0.19656
52.82753,52.82000,331.62131,52.82000,-1.03213,52.82000,0.15314
52.83753,52.83000,331.48517,52.83000,-0.72575,52.83000,0.07587
52.84753,52.84000,331.33038,52.84000,-0.40566,52.84000,-0.03561
52.85754,52.85000,331.16599,52.85000,-0.08223,52.85000,-0.18023
52.86754,52.86000,331.00220,52.86000,0.23236,52.86000,-0.35560
52.87754,52.87000,330.84943,52.87000,0.52514,52.87000,-0.55821
52.88754,52.88000,330.71741,52.88000,0.78364,52.88000,-0.78371
52.89754,52.89000,330.61420,52.89000,0.99714,52.89000,-1.02727
52.90754,52.90000,330.54514,52.90000,1.15767,52.90000,-1.28387
52.91754,52.91000,330.51209,52.91000,1.26061,52.91000,-1.54867
52.92755,52.92000,330.51309,52.92000,1.30477,52.92000,-1.81712
52.93755,52.93000,330.54260,52.93000,1.29208,52.93000,-2.08499
52.94755,52.94000,330.59195,52.94000,1.22703,52.94000,-2.34818
52.95755,52.95000,330.65042,52.95000,1.11611,52.95000,-2.60245
52.96755,52.96000,330.70630,52.96000,0.96712,52.96000,-2.84322
52.97755,52.97000,330.74793,52.97000,0.78858,52.97000,-3.06551
52.98755,52.98000,330.76495,52.98000,0.58927,52.98000,-3.26410
52.99756,52.99000,330.74893,52.99000,0.37783,52.99000,-3.43392
53.00756,53.00000,330.69397,53.00000,0.16248,53.00000,-3.57057
53.01756,53.01000,330.59680,53.01000,-0.04906,53.01000,-3.67082
53.02756,53.02000,330.45700,53.02000,-0.24979,53.02000,-3.73308
53.03756,53.03000,330.27667,53.03000,-0.43348,53.03000,-3.75772
53.04756,53.04000,330.06012,53.04000,-0.59487,53.04000,-3.74706
53.05756,53.05000,329.81354,53.05000,-0.72979,53.05000,-3.70525
53.06757,53.06000,329.54446,53.06000,-0.83529,53.06000,-3.63792
53.07757,53.07000,329.26135,53.07000,-0.90979,53.07000,-3.55177
53.08757,53.08000,328.97293,53.08000,-0.95308,53.08000,-3.45409
53.09757,53.09000,328.68787,53.09000,-0.96630,53.09000,-3.35229
53.10757,53.10000,328.41419,53.10000,-0.95182,53.10000,-3.25339
53.11757,53.11000,328.15891,53.11000,-0.91305,53.11000,-3.16362
53.12757,53.12000,327.92770,53.12000,-0.85426,53.12000,-3.08806
53.13758,53.13000,327.72470,53.13000,-0.78038,53.13000,-3.03029
53.14758,53.14000,327.55237,53.14000,-0.69679,53.14000,-2.99233
53.15758,53.15000,327.41147,53.15000,-0.60916,53.15000,-2.97465
53.16758,53.16000,327.30121,53.16000,-0.52336,53.16000,-2.97636
53.17758,53.17000,327.21930,53.17000,-0.44524,53.17000,-2.99556
53.18758,53.18000,327.16217,53.18000,-0.38051,53.18000,-3.02976
53.19758,53.19000,327.12528,53.19000,-0.33446,53.19000,-3.07635
53.20759,53.20000,327.10321,53.20000,-0.31170,53.20000,-3.13295
53.21759,53.21000,327.09015,53.21000,-0.31586,53.21000,-3.19775
53.22759,53.22000,327.07983,53.22000,-0.34943,53.22000,-3.26970
53.23759,53.23000,327.06607,53.23000,-0.41349,53.23000,-3.34860
53.24759,53.24000,327.04288,53.24000,-0.50768,53.24000,-3.43510
53.25759,53.25000,327.00479,53.25000,-0.63016,53.25000,-3.53055
53.26759,53.26000,326.94696,53.26000,-0.77758,53.26000,-3.63680
53.27760,53.27000,326.86542,53.27000,-0.94522,53.27000,-3.75590
53.28760,53.28000,326.75723,53.28000,-1.12711,53.28000,-3.88974
53.29760,53.29000,326.62042,53.29000,-1.31618,53.29000,-4.03970
53.30760,53.30000,326.45407,53.30000,-1.50451,53.30000,-4.20632
53.31760,53.31000,326.25821,53.31000,-1.68363,53.31000,-4.38898
53.32760,53.32000,326.03363,53.32000,-1.84487,53.32000,-4.58565
53.33760,53.33000,325.78180,53.33000,-1.97983,53.33000,-4.79281
53.34761,53.34000,325.50455,53.34000,-2.08094,53.34000,-5.00540
53.35761,53.35000,325.20410,53.35000,-2.14199,53.35000,-5.21703
53.36761,53.36000,324.88266,53.36000,-2.15866,53.36000,-5.42020
53.37761,53.37000,324.54254,53.37000,-2.12882,53.37000,-5.60666
53.38761,53.38000,324.18619,53.38000,-2.05268,53.38000,-5.76792
53.39761,53.39000,323.81613,53.39000,-1.93268,53.39000,-5.89565
53.40761,53.40000,323.43530,53.40000,-1.77314,53.40000,-5.98221
53.41762,53.41000,323.04715,53.41000,-1.57982,53.41000,-6.02107
53.42762,53.42000,322.65598,53.42000,-1.35940,53.42000,-6.00722
53.43762,53.43000,322.26691,53.43000,-1.11901,53.43000,-5.93757
53.44762,53.44000,321.88602,53.44000,-0.86584,53.44000,-5.81125
53.45762,53.45000,321.52020,53.45000,-0.60683,53.45000,-5.62982
53.46762,53.46000,321.17709,53.46000,-0.34848,53.46000,-5.39741
53.47762,53.47000,320.86493,53.47000,-0.09675,53.47000,-5.12061
53.48763,53.48000,320.59259,53.48000,0.14293,53.48000,-4.80824
53.49763,53.49000,320.36963,53.49000,0.36565,53.49000,-4.47072
53.50763,53.50000,320.20609,53.50000,0.56708,53.50000,-4.11939
53.51763,53.51000,320.11206,53.51000,0.74358,53.51000,-3.76557
53.52763,53.52000,320.09729,53.52000,0.89253,53.52000,-3.41968
53.53763,53.53000,320.17017,53.53000,1.01260,53.53000,-3.09048
53.54763,53.54000,320.33688,53.54000,1.10394,53.54000,-2.78460
53.55764,53.55000,320.60071,53.55000,1.16823,53.55000,-2.50639
53.56764,53.56000,320.96164,53.56000,1.20859,53.56000,-2.25812
53.57764,53.57000,321.41626,53.57000,1.22924,53.57000,-2.04042
53.58764,53.58000,321.95825,53.58000,1.23511,53.58000,-1.85277
53.59764,53.59000,322.57886,53.59000,1.23136,53.59000,-1.69400
53.60764,53.60000,323.26801,53.60000,1.22295,53.60000,-1.56269
53.61764,53.61000,324.01492,53.61000,1.21418,53.61000,-1.45741
53.62765,53.62000,324.80914,53.62000,1.20838,53.62000,-1.37683
53.63765,53.63000,325.64105,53.63000,1.20772,53.63000,-1.31975
53.64765,53.64000,326.50244,53.64000,1.21310,53.64000,-1.28500
53.65765,53.65000,327.38669,53.65000,1.22427,53.65000,-1.27138
53.66765,53.66000,328.28891,53.66000,1.24004,53.66000,-1.27751
53.67765,53.67000,329.20581,53.67000,1.25851,53.67000,-1.30175
53.68765,53.68000,330.13538,53.68000,1.27738,53.68000,-1.34212
53.69766,53.69000,331.07669,53.69000,1.29412,53.69000,-1.39632
53.70766,53.70000,332.02936,53.70000,1.30622,53.70000,-1.46176
53.71766,53.71000,332.99320,53.71000,1.31123,53.71000,-1.53571
53.72766,53.72000,333.96793,53.72000,1.30693,53.72000,-1.61550
53.73766,53.73000,334.95297,53.73000,1.29130,53.73000,-1.69862
53.74766,53.74000,335.94727,53.74000,1.26254,53.74000,-1.78301
53.75766,53.75000,336.94943,53.75000,1.21905,53.75000,-1.86710
53.76767,53.76000,337.95786,53.76000,1.15938,53.76000,-1.94990
53.77767,53.77000,338.97101,53.77000,1.08231,53.77000,-2.03099
53.78767,53.78000,339.98746,53.78000,0.98685,53.78000,-2.11036
53.79767,53.79000,341.00641,53.79000,0.87236,53.79000,-2.18829
53.80767,53.80000,342.02750,53.80000,0.73869,53.80000,-2.26519
53.81767,53.81000,343.05115,53.81000,0.58626,53.81000,-2.34137
53.82767,53.82000,344.07843,53.82000,0.41623,53.82000,-2.41696
53.83768,53.83000,345.11112,53.83000,0.23055,53.83000,-2.49182
53.84768,53.84000,346.15146,53.84000,0.03202,53.84000,-2.56552
53.85768,53.85000,347.20227,53.85000,-0.17578,53.85000,-2.63738
53.86768,53.86000,348.26657,53.86000,-0.38846,53.86000,-2.70661
53.87768,53.87000,349.34757,53.87000,-0.60109,53.87000,-2.77238
53.88768,53.88000,350.44836,53.88000,-0.80832,53.88000,-2.83405
53.89768,53.89000,351.57190,53.89000,-1.00468,53.89000,-2.89125
53.90769,53.90000,352.72046,53.90000,-1.18493,53.90000,-2.94404
53.91769,53.91000,353.89569,53.91000,-1.34439,53.91000,-2.99294
53.92769,53.92000,355.09824,53.92000,-1.47936,53.92000,-3.03897
53.93769,53.93000,356.32755,53.93000,-1.58744,53.93000,-3.08353
53.94769,53.94000,357.58173,53.94000,-1.66781,53.94000,-3.12831
53.95769,53.95000,358.85736,53.95000,-1.72143,53.95000,-3.17505
53.96769,53.96000,360.14954,53.96000,-1.75099,53.96000,-3.22530
53.97770,53.97000,361.45203,53.97000,-1.76078,53.97000,-3.28017
53.98770,53.98000,362.75736,53.98000,-1.75630,53.98000,-3.34020
53.99770,53.99000,364.05728,53.99000,-1.74379,53.99000,-3.40525
54.00770,54.00000,365.34335,54.00000,-1.72965,54.00000,-3.47459
54.01770,54.01000,366.60754,54.01000,-1.71989,54.01000,-3.54704
54.02770,54.02000,367.84299,54.02000,-1.71962,54.02000,-3.62123
54.03770,54.03000,369.04483,54.03000,-1.73276,54.03000,-3.69589
54.04771,54.04000,370.21094,54.04000,-1.76183,54.04000,-3.77012
54.05771,54.05000,371.34259,54.05000,-1.80797,54.05000,-3.84357
54.06771,54.06000,372.44473,54.06000,-1.87115,54.06000,-3.91657
54.07771,54.07000,373.52615,54.07000,-1.95045,54.07000,-3.99020
54.08771,54.08000,374.59921,54.08000,-2.04450,54.08000,-4.06620
54.09771,54.09000,375.67899,54.09000,-2.15196,54.09000,-4.14683
54.10771,54.10000,376.78238,54.10000,-2.27189,54.10000,-4.23466
54.11772,54.11000,377.92658,54.11000,-2.40395,54.11000,-4.33211
54.12772,54.12000,379.12775,54.12000,-2.54846,54.12000,-4.44112
54.13772,54.13000,380.39948,54.13000,-2.70616,54.13000,-4.56270
54.14772,54.14000,381.75168,54.14000,-2.87786,54.14000,-4.69658
54.15772,54.15000,383.18979,54.15000,-3.06407,54.15000,-4.84105
54.16772,54.16000,384.71423,54.16000,-3.26458,54.16000,-4.99296
54.17772,54.17000,386.32068,54.17000,-3.47821,54.17000,-5.14787
54.18773,54.18000,388.00040,54.18000,-3.70268,54.18000,-5.30050
54.19773,54.19000,389.74127,54.19000,-3.93471,54.19000,-5.44511
54.20773,54.20000,391.52887,54.20000,-4.17024,54.20000,-5.57609
54.21773,54.21000,393.34757,54.21000,-4.40476,54.21000,-5.68844
54.22773,54.22000,395.18198,54.22000,-4.63367,54.22000,-5.77818
54.23773,54.23000,397.01791,54.23000,-4.85268,54.23000,-5.84267
54.24773,54.24000,398.84329,54.24000,-5.05800,54.24000,-5.88078
54.25774,54.25000,400.64880,54.25000,-5.24650,54.25000,-5.89296
54.26774,54.26000,402.42838,54.26000,-5.41577,54.26000,-5.88114
54.27774,54.27000,404.17896,54.27000,-5.56401,54.27000,-5.84860
54.28774,54.28000,405.90070,54.28000,-5.68993,54.28000,-5.79966
54.29774,54.29000,407.59628,54.29000,-5.79262,54.29000,-5.73940
54.30774,54.30000,409.27048,54.30000,-5.87141,54.30000,-5.67327
54.31774,54.31000,410.92944,54.31000,-5.92591,54.31000,-5.60675
54.32775,54.32000,412.58002,54.32000,-5.95600,54.32000,-5.54492
54.33775,54.33000,414.22876,54.33000,-5.96201,54.33000,-5.49217
54.34775,54.34000,415.88132,54.34000,-5.94478,54.34000,-5.45190
54.35775,54.35000,417.54172,54.35000,-5.90584,54.35000,-5.42629
54.36775,54.36000,419.21173,54.36000,-5.84739,54.36000,-5.41626
54.37775,54.37000,420.89066,54.37000,-5.77229,54.37000,-5.42147
54.38775,54.38000,422.57510,54.38000,-5.68392,54.38000,-5.44041
54.39775,54.39000,424.25931,54.39000,-5.58597,54.39000,-5.47069
54.40776,54.40000,425.93549,54.40000,-5.48228,54.40000,-5.50933
54.41776,54.41000,427.59445,54.41000,-5.37654,54.41000,-5.55303
54.42776,54.42000,429.22644,54.42000,-5.27219,54.42000,-5.59856
54.43776,54.43000,430.82190,54.43000,-5.17227,54.43000,-5.64299
54.44776,54.44000,432.37231,54.44000,-5.07940,54.44000,-5.68388
54.45776,54.45000,433.87085,54.45000,-4.99582,54.45000,-5.71938
54.46776,54.46000,435.31284,54.46000,-4.92345,54.46000,-5.74823
54.47777,54.47000,436.69605,54.47000,-4.86397,54.47000,-5.76966
54.48777,54.48000,438.02048,54.48000,-4.81889,54.48000,-5.78328
54.49777,54.49000,439.28809,54.49000,-4.78950,54.49000,-5.78897
54.50777,54.50000,440.50223,54.50000,-4.77681,54.50000,-5.78668
54.51777,54.51000,441.66708,54.51000,-4.78136,54.51000,-5.77636
54.52777,54.52000,442.78702,54.52000,-4.80308,54.52000,-5.75781
54.53777,54.53000,443.86615,54.53000,-4.84100,54.53000,-5.73068
54.54778,54.54000,444.90796,54.54000,-4.89321,54.54000,-5.69443
54.55778,54.55000,445.91519,54.55000,-4.95675,54.55000,-5.64852
54.56778,54.56000,446.88998,54.56000,-5.02762,54.56000,-5.59251
54.57778,54.57000,447.83392,54.57000,-5.10097,54.57000,-5.52630
54.58778,54.58000,448.74851,54.58000,-5.17121,54.58000,-5.45036
54.59778,54.59000,449.63544,54.59000,-5.23232,54.59000,-5.36594
54.60778,54.60000,450.49695,54.60000,-5.27825,54.60000,-5.27514
54.61779,54.61000,451.33618,54.61000,-5.30331,54.61000,-5.18103
54.62779,54.62000,452.15723,54.62000,-5.30261,54.62000,-5.08745
54.63779,54.63000,452.96515,54.63000,-5.27260,54.63000,-4.99883
54.64779,54.64000,453.76584,54.64000,-5.21141,54.64000,-4.91984
54.65779,54.65000,454.56574,54.65000,-5.11920,54.65000,-4.85495
54.66779,54.66000,455.37149,54.66000,-4.99827,54.66000,-4.80792
54.67779,54.67000,456.18955,54.67000,-4.85302,54.67000,-4.78149
54.68780,54.68000,457.02570,54.68000,-4.68975,54.68000,-4.77694
54.69780,54.69000,457.88477,54.69000,-4.51628,54.69000,-4.79401
54.70780,54.70000,458.77033,54.70000,-4.34145,54.70000,-4.83080
54.71780,54.71000,459.68442,54.71000,-4.17461,54.71000,-4.88390
54.72780,54.72000,460.62753,54.72000,-4.02489,54.72000,-4.94861
54.73780,54.73000,461.59857,54.73000,-3.90068,54.73000,-5.01921
54.74780,54.74000,462.59476,54.74000,-3.80890,54.74000,-5.08929
54.75781,54.75000,463.61194,54.75000,-3.75455,54.75000,-5.15215
54.76781,54.76000,464.64435,54.76000,-3.74024,54.76000,-5.20117
54.77781,54.77000,465.68497,54.77000,-3.76596,54.77000,-5.23019
54.78781,54.78000,466.72568,54.78000,-3.82903,54.78000,-5.23396
54.79781,54.79000,467.75751,54.79000,-3.92420,54.79000,-5.20839
54.80781,54.80000,468.77109,54.80000,-4.04406,54.80000,-5.15090
54.81781,54.81000,469.75717,54.81000,-4.17952,54.81000,-5.06058
54.82782,54.82000,470.70694,54.82000,-4.32051,54.82000,-4.93829
54.83782,54.83000,471.61258,54.83000,-4.45683,54.83000,-4.78665
54.84782,54.84000,472.46756,54.84000,-4.57886,54.84000,-4.60997
54.85782,54.85000,473.26679,54.85000,-4.67830,54.85000,-4.41403
54.86782,54.86000,474.00705,54.86000,-4.74872,54.86000,-4.20591
54.87782,54.87000,474.68686,54.87000,-4.78600,54.87000,-3.99352
54.88782,54.88000,475.30689,54.88000,-4.78859,54.88000,-3.78523
54.89783,54.89000,475.86978,54.89000,-4.75756,54.89000,-3.58929
54.90783,54.90000,476.38022,54.90000,-4.69647,54.90000,-3.41322
54.91783,54.91000,476.84451,54.91000,-4.61090,54.91000,-3.26334
54.92783,54.92000,477.27057,54.92000,-4.50798,54.92000,-3.14434
54.93783,54.93000,477.66733,54.93000,-4.39564,54.93000,-3.05894
54.94783,54.94000,478.04443,54.94000,-4.28204,54.94000,-3.00781
54.95783,54.95000,478.41174,54.95000,-4.17496,54.95000,-2.98960
54.96784,54.96000,478.77881,54.96000,-4.08134,54.96000,-3.00109
54.97784,54.97000,479.15439,54.97000,-4.00698,54.97000,-3.03759
54.98784,54.98000,479.54584,54.98000,-3.95634,54.98000,-3.09331
54.99784,54.99000,479.95874,54.99000,-3.93244,54.99000,-3.16195
55.00784,55.00000,480.39652,55.00000,-3.93686,55.00000,-3.23715
55.01784,55.01000,480.86026,55.01000,-3.96970,55.01000,-3.31298
55.02784,55.02000,481.34882,55.02000,-4.02971,55.02000,-3.38424
55.03785,55.03000,481.85870,55.03000,-4.11435,55.03000,-3.44669
55.04785,55.04000,482.38480,55.04000,-4.22010,55.04000,-3.49716
55.05785,55.05000,482.92059,55.05000,-4.34264,55.05000,-3.53346
55.06785,55.06000,483.45892,55.06000,-4.47725,55.06000,-3.55433
55.07785,55.07000,483.99262,55.07000,-4.61910,55.07000,-3.55930
55.08785,55.08000,484.51498,55.08000,-4.76359,55.08000,-3.54847
55.09785,55.09000,485.02033,55.09000,-4.90664,55.09000,-3.52248
55.10786,55.10000,485.50427,55.10000,-5.04493,55.10000,-3.48235
55.11786,55.11000,485.96390,55.11000,-5.17609,55.11000,-3.42940
55.12786,55.12000,486.39777,55.12000,-5.29879,55.12000,-3.36523
55.13786,55.13000,486.80573,55.13000,-5.41270,55.13000,-3.29158
55.14786,55.14000,487.18884,55.14000,-5.51843,55.14000,-3.21033
55.15786,55.15000,487.54910,55.15000,-5.61729,55.15000,-3.12335
55.16786,55.16000,487.88910,55.16000,-5.71113,55.16000,-3.03247
55.17787,55.17000,488.21176,55.17000,-5.80197,55.17000,-2.93940
55.18787,55.18000,488.52023,55.18000,-5.89183,55.18000,-2.84564
55.19787,55.19000,488.81760,55.19000,-5.98241,55.19000,-2.75243
55.20787,55.20000,489.10660,55.20000,-6.07494,55.20000,-2.66075
55.21787,55.21000,489.38965,55.21000,-6.17005,55.21000,-2.57125
55.22787,55.22000,489.66870,55.22000,-6.26768,55.22000,-2.48428
55.23787,55.23000,489.94513,55.23000,-6.36714,55.23000,-2.39998
55.24788,55.24000,490.21960,55.24000,-6.46711,55.24000,-2.31832
55.25788,55.25000,490.49231,55.25000,-6.56572,55.25000,-2.23918
55.26788,55.26000,490.76270,55.26000,-6.66065,55.26000,-2.16249
55.27788,55.27000,491.02972,55.27000,-6.74924,55.27000,-2.08828
55.28788,55.28000,491.29181,55.28000,-6.82861,55.28000,-2.01673
55.29788,55.29000,491.54703,55.29000,-6.89576,55.29000,-1.94822
55.30788,55.30000,491.79315,55.30000,-6.94774,55.30000,-1.88334
55.31789,55.31000,492.02789,55.31000,-6.98175,55.31000,-1.82283
55.32789,55.32000,492.24896,55.32000,-6.99529,55.32000,-1.76757
55.33789,55.33000,492.45425,55.33000,-6.98629,55.33000,-1.71841
55.34789,55.34000,492.64179,55.34000,-6.95330,55.34000,-1.67612
55.35789,55.35000,492.80997,55.35000,-6.89549,55.35000,-1.64124
55.36789,55.36000,492.95743,55.36000,-6.81285,55.36000,-1.61394
55.37789,55.37000,493.08307,55.37000,-6.70618,55.37000,-1.59401
55.38790,55.38000,493.18613,55.38000,-6.57711,55.38000,-1.58084
55.39790,55.39000,493.26602,55.39000,-6.42813,55.39000,-1.57353
55.40790,55.40000,493.32260,55.40000,-6.26248,55.40000,-1.57108
55.41790,55.41000,493.35620,55.41000,-6.08410,55.41000,-1.57264
55.42790,55.42000,493.36765,55.42000,-5.89743,55.42000,-1.57772
55.43790,55.43000,493.35873,55.43000,-5.70722,55.43000,-1.58638
55.44790,55.44000,493.33206,55.44000,-5.51833,55.44000,-1.59931
55.45791,55.45000,493.29138,55.45000,-5.33547,55.45000,-1.61780
55.46791,55.46000,493.24136,55.46000,-5.16297,55.46000,-1.64347
55.47791,55.47000,493.18759,55.47000,-5.00459,55.47000,-1.67798
55.48791,55.48000,493.13641,55.48000,-4.86339,55.48000,-1.72263
55.49791,55.49000,493.09442,55.49000,-4.74159,55.49000,-1.77798
55.50791,55.50000,493.06827,55.50000,-4.64059,55.50000,-1.84363
55.51791,55.51000,493.06430,55.51000,-4.56089,55.51000,-1.91814
55.52792,55.52000,493.08814,55.52000,-4.50222,55.52000,-1.99913
55.53792,55.53000,493.14462,55.53000,-4.46358,55.53000,-2.08347
55.54792,55.54000,493.23770,55.54000,-4.44334,55.54000,-2.16758
55.55792,55.55000,493.37039,55.55000,-4.43937,55.55000,-2.24771
55.56792,55.56000,493.54474,55.56000,-4.44909,55.56000,-2.32023
55.57792,55.57000,493.76205,55.57000,-4.46954,55.57000,-2.38187
55.58792,55.58000,494.02286,55.58000,-4.49747,55.58000,-2.42987
55.59793,55.59000,494.32694,55.59000,-4.52941,55.59000,-2.46217
55.60793,55.60000,494.67343,55.60000,-4.56179,55.60000,-2.47745
55.61793,55.61000,495.06082,55.61000,-4.59109,55.61000,-2.47513
55.62793,55.62000,495.48706,55.62000,-4.61409,55.62000,-2.45533
55.63793,55.63000,495.94949,55.63000,-4.62799,55.63000,-2.41875
55.64793,55.64000,496.44482,55.64000,-4.63065,55.64000,-2.36654
55.65793,55.65000,496.96933,55.65000,-4.62068,55.65000,-2.30024
55.66794,55.66000,497.51865,55.66000,-4.59754,55.66000,-2.22168
55.67794,55.67000,498.08804,55.67000,-4.56151,55.67000,-2.13290
55.68794,55.68000,498.67242,55.68000,-4.51367,55.68000,-2.03613
55.69794,55.69000,499.26648,55.69000,-4.45577,55.69000,-1.93377
55.70794,55.70000,499.86490,55.70000,-4.39009,55.70000,-1.82826
55.71794,55.71000,500.46243,55.71000,-4.31920,55.71000,-1.72210
55.72794,55.72000,501.05402,55.72000,-4.24583,55.72000,-1.61770
55.73795,55.73000,501.63492,55.73000,-4.17264,55.73000,-1.51737
55.74795,55.74000,502.20071,55.74000,-4.10210,55.74000,-1.42325
55.75795,55.75000,502.74735,55.75000,-4.03642,55.75000,-1.33729
55.76795,55.76000,503.27118,55.76000,-3.97746,55.76000,-1.26126
55.77795,55.77000,503.76895,55.77000,-3.92673,55.77000,-1.19673
55.78795,55.78000,504.23801,55.78000,-3.88534,55.78000,-1.14507
55.79795,55.79000,504.67615,55.79000,-3.85405,55.79000,-1.10737
55.80796,55.80000,505.08194,55.80000,-3.83318,55.80000,-1.08444
55.81796,55.81000,505.45453,55.81000,-3.82270,55.81000,-1.07670
55.82796,55.82000,505.79376,55.82000,-3.82220,55.82000,-1.08418
55.83796,55.83000,506.10019,55.83000,-3.83099,55.83000,-1.10650
55.84796,55.84000,506.37503,55.84000,-3.84819,55.84000,-1.14287
55.85796,55.85000,506.62021,55.85000,-3.87283,55.85000,-1.19211
55.86796,55.86000,506.83835,55.86000,-3.90386,55.86000,-1.25267
55.87797,55.87000,507.03272,55.87000,-3.94023,55.87000,-1.32268
55.88797,55.88000,507.20734,55.88000,-3.98083,55.88000,-1.40006
55.89797,55.89000,507.36682,55.89000,-4.02443,55.89000,-1.48252
55.90797,55.90000,507.51630,55.90000,-4.06960,55.90000,-1.56769
55.91797,55.91000,507.66132,55.91000,-4.11460,55.91000,-1.65311
55.92797,55.92000,507.80753,55.92000,-4.15736,55.92000,-1.73627
55.93797,55.93000,507.96054,55.93000,-4.19544,55.93000,-1.81461
55.94798,55.94000,508.12537,55.94000,-4.22609,55.94000,-1.88550
55.95798,55.95000,508.30618,55.95000,-4.24632,55.95000,-1.94621
55.96798,55.96000,508.50586,55.96000,-4.25304,55.96000,-1.99391
55.97798,55.97000,508.72568,55.97000,-4.24316,55.97000,-2.02577
55.98798,55.98000,508.96497,55.98000,-4.21375,55.98000,-2.03909
55.99798,55.99000,509.22092,55.99000,-4.16214,55.99000,-2.03145
56.00798,56.00000,509.48868,56.00000,-4.08607,56.00000,-2.00107
56.01799,56.01000,509.76144,56.01000,-3.98369,56.01000,-1.94703
56.02799,56.02000,510.03073,56.02000,-3.85360,56.02000,-1.86965
56.03799,56.03000,510.28684,56.03000,-3.69477,56.03000,-1.77077
56.04799,56.04000,510.51941,56.04000,-3.50648,56.04000,-1.65400
56.05799,56.05000,510.71814,56.05000,-3.28823,56.05000,-1.52491
56.06799,56.06000,510.87360,56.06000,-3.03972,56.06000,-1.39101
56.07799,56.07000,510.97812,56.07000,-2.76095,56.07000,-1.26167
56.08800,56.08000,511.02673,56.08000,-2.45254,56.08000,-1.14769
56.09800,56.09000,511.01801,56.09000,-2.11609,56.09000,-1.06072
56.10800,56.10000,510.95456,56.10000,-1.75477,56.10000,-1.01243
56.11800,56.11000,510.84323,56.11000,-1.37381,56.11000,-1.01353
56.12800,56.12000,510.69470,56.12000,-0.98086,56.12000,-1.07272
56.13800,56.13000,510.52286,56.13000,-0.58593,56.13000,-1.19568
56.14800,56.14000,510.34323,56.14000,-0.20099,56.14000,-1.38441
56.15801,56.15000,510.17166,56.15000,0.16080,56.15000,-1.63677
56.16801,56.16000,510.02234,56.16000,0.48599,56.16000,-1.94651
56.17801,56.17000,509.90631,56.17000,0.76196,56.17000,-2.30367
56.18801,56.18000,509.83020,56.18000,0.97782,56.18000,-2.69518
56.19801,56.19000,509.79562,56.19000,1.12532,56.19000,-3.10572
56.20801,56.20000,509.79913,56.20000,1.19945,56.20000,-3.51864
56.21801,56.21000,509.83286,56.21000,1.19888,56.21000,-3.91690
56.22802,56.22000,509.88535,56.22000,1.12611,56.22000,-4.28416
56.23802,56.23000,509.94275,56.23000,0.98738,56.23000,-4.60577
56.24802,56.24000,509.99014,56.24000,0.79220,56.24000,-4.86979
56.25802,56.25000,510.01291,56.25000,0.55269,56.25000,-5.06780
56.26802,56.26000,509.99793,56.26000,0.28273,56.26000,-5.19549
56.27802,56.27000,509.93457,56.27000,-0.00298,56.27000,-5.25281
56.28802,56.28000,509.81567,56.28000,-0.28996,56.28000,-5.24382
56.29803,56.29000,509.63773,56.29000,-0.56470,56.29000,-5.17616
56.30803,56.30000,509.40122,56.30000,-0.81547,56.30000,-5.06024
56.31803,56.31000,509.11032,56.31000,-1.03283,56.31000,-4.90833
56.32803,56.32000,508.77252,56.32000,-1.20995,56.32000,-4.73357
56.33803,56.33000,508.39798,56.33000,-1.34280,56.33000,-4.54908
56.34803,56.34000,507.99893,56.34000,-1.43010,56.34000,-4.36707
56.35803,56.35000,507.58881,56.35000,-1.47318,56.35000,-4.19820
56.36804,56.36000,507.18164,56.36000,-1.47573,56.36000,-4.05102
56.37804,56.37000,506.79138,56.37000,-1.44346,56.37000,-3.93165
56.38804,56.38000,506.43131,56.38000,-1.38379,56.38000,-3.84371
56.39804,56.39000,506.11337,56.39000,-1.30545,56.39000,-3.78838
56.40804,56.40000,505.84766,56.40000,-1.21801,56.40000,-3.76474
56.41804,56.41000,505.64194,56.41000,-1.13124,56.41000,-3.77010
56.42804,56.42000,505.50116,56.42000,-1.05449,56.42000,-3.80038
56.43805,56.43000,505.42719,56.43000,-0.99593,56.43000,-3.85049
56.44805,56.44000,505.41870,56.44000,-0.96212,56.44000,-3.91470
56.45805,56.45000,505.47125,56.45000,-0.95768,56.45000,-3.98705
56.46805,56.46000,505.57730,56.46000,-0.98516,56.46000,-4.06168
56.47805,56.47000,505.72665,56.47000,-1.04507,56.47000,-4.13324
56.48805,56.48000,505.90686,56.48000,-1.13604,56.48000,-4.19718
56.49805,56.49000,506.10367,56.49000,-1.25507,56.49000,-4.25009
56.50806,56.50000,506.30179,56.50000,-1.39780,56.50000,-4.28983
56.51806,56.51000,506.48563,56.51000,-1.55884,56.51000,-4.31570
56.52806,56.52000,506.64017,56.52000,-1.73210,56.52000,-4.32838
56.53806,56.53000,506.75168,56.53000,-1.91105,56.53000,-4.32981
56.54806,56.54000,506.80866,56.54000,-2.08903,56.54000,-4.32298
56.55806,56.55000,506.80237,56.55000,-2.25940,56.55000,-4.31156
56.56806,56.56000,506.72733,56.56000,-2.41577,56.56000,-4.29949
56.57807,56.57000,506.58167,56.57000,-2.55215,56.57000,-4.29059
56.58807,56.58000,506.36722,56.58000,-2.66315,56.58000,-4.28807
56.59807,56.59000,506.08929,56.59000,-2.74420,56.59000,-4.29423
56.60807,56.60000,505.75644,56.60000,-2.79179,56.60000,-4.31009
56.61807,56.61000,505.37976,56.61000,-2.80366,56.61000,-4.33526
56.62807,56.62000,504.97250,56.62000,-2.77895,56.62000,-4.36777
56.63807,56.63000,504.54910,56.63000,-2.71831,56.63000,-4.40414
56.64808,56.64000,504.12466,56.64000,-2.62380,56.64000,-4.43950
56.65808,56.65000,503.71396,56.65000,-2.49878,56.65000,-4.46783
56.66808,56.66000,503.33090,56.66000,-2.34773,56.66000,-4.48244
56.67808,56.67000,502.98764,56.67000,-2.17606,56.67000,-4.47651
56.68808,56.68000,502.69415,56.68000,-1.98988,56.68000,-4.44368
56.69808,56.69000,502.45752,56.69000,-1.79578,56.69000,-4.37875
56.70808,56.70000,502.28177,56.70000,-1.60058,56.70000,-4.27820
56.71809,56.71000,502.16788,56.71000,-1.41115,56.71000,-4.14054
56.72809,56.72000,502.11417,56.72000,-1.23414,56.72000,-3.96651
56.73809,56.73000,502.11713,56.73000,-1.07583,56.73000,-3.75893
56.74809,56.74000,502.17230,56.74000,-0.94191,56.74000,-3.52243
56.75809,56.75000,502.27509,56.75000,-0.83721,56.75000,-3.26302
56.76809,56.76000,502.42163,56.76000,-0.76536,56.76000,-2.98754
56.77809,56.77000,502.60916,56.77000,-0.72855,56.77000,-2.70321
56.78810,56.78000,502.83606,56.78000,-0.72734,56.78000,-2.41726
56.79810,56.79000,503.10162,56.79000,-0.76053,56.79000,-2.13663
56.80810,56.80000,503.40564,56.80000,-0.82534,56.80000,-1.86791
56.81810,56.81000,503.74802,56.81000,-0.91749,56.81000,-1.61723
56.82810,56.82000,504.12820,56.82000,-1.03158,56.82000,-1.39017
56.83810,56.83000,504.54504,56.83000,-1.16140,56.83000,-1.19165
56.84810,56.84000,504.99637,56.84000,-1.30036,56.84000,-1.02562
56.85811,56.85000,505.47900,56.85000,-1.44192,56.85000,-0.89487
56.86811,56.86000,505.98886,56.86000,-1.58010,56.86000,-0.80072
56.87811,56.87000,506.52087,56.87000,-1.70981,56.87000,-0.74285
56.88811,56.88000,507.06937,56.88000,-1.82722,56.88000,-0.71928
56.89811,56.89000,507.62814,56.89000,-1.92995,56.89000,-0.72646
56.90811,56.90000,508.19067,56.90000,-2.01714,56.90000,-0.75949
56.91811,56.91000,508.75028,56.91000,-2.08935,56.91000,-0.81258
56.92812,56.92000,509.30026,56.92000,-2.14835,56.92000,-0.87941
56.93812,56.93000,509.83395,56.93000,-2.19675,56.93000,-0.95362
56.94812,56.94000,510.34488,56.94000,-2.23758,56.94000,-1.02932
56.95812,56.95000,510.82675,56.95000,-2.27389,56.95000,-1.10137
56.96812,56.96000,511.27374,56.96000,-2.30840,56.96000,-1.16578
56.97812,56.97000,511.68048,56.97000,-2.34323,56.97000,-1.21981
56.98812,56.98000,512.04230,56.98000,-2.37981,56.98000,-1.26205
56.99813,56.99000,512.35565,56.99000,-2.41891,56.99000,-1.29231
57.00813,57.00000,512.61823,57.00000,-2.46074,57.00000,-1.31145
57.01813,57.01000,512.82916,57.01000,-2.50522,57.01000,-1.32109
57.02813,57.02000,512.98926,57.02000,-2.55211,57.02000,-1.32324
57.03813,57.03000,513.10120,57.03000,-2.60122,57.03000,-1.32007
57.04813,57.04000,513.16913,57.04000,-2.65249,57.04000,-1.31350
57.05813,57.05000,513.19873,57.05000,-2.70598,57.05000,-1.30510
57.06814,57.06000,513.19708,57.06000,-2.76182,57.06000,-1.29587
57.07814,57.07000,513.17188,57.07000,-2.82004,57.07000,-1.28622
57.08814,57.08000,513.13147,57.08000,-2.88030,57.08000,-1.27598
57.09814,57.09000,513.08405,57.09000,-2.94170,57.09000,-1.26445
57.10814,57.10000,513.03748,57.10000,-3.00260,57.10000,-1.25054
57.11814,57.11000,512.99866,57.11000,-3.06050,57.11000,-1.23290
57.12814,57.12000,512.97327,57.12000,-3.11203,57.12000,-1.21008
57.13815,57.13000,512.96497,57.13000,-3.15304,57.13000,-1.18073
57.14815,57.14000,512.97559,57.14000,-3.17886,57.14000,-1.14379
57.15815,57.15000,513.00464,57.15000,-3.18459,57.15000,-1.09865
57.16815,57.16000,513.04956,57.16000,-3.16551,57.16000,-1.04535
57.17815,57.17000,513.10559,57.17000,-3.11743,57.17000,-0.98467
57.18815,57.18000,513.16638,57.18000,-3.03709,57.18000,-0.91825
57.19815,57.19000,513.22461,57.19000,-2.92233,57.19000,-0.84857
57.20816,57.20000,513.27210,57.20000,-2.77225,57.20000,-0.77892
57.21816,57.21000,513.30121,57.21000,-2.58710,57.21000,-0.71330
57.22816,57.22000,513.30530,57.22000,-2.36819,57.22000,-0.65630
57.23816,57.23000,513.27936,57.23000,-2.11774,57.23000,-0.61285
57.24816,57.24000,513.22089,57.24000,-1.83877,57.24000,-0.58803
57.25816,57.25000,513.13025,57.25000,-1.53508,57.25000,-0.58688
57.26816,57.26000,513.01044,57.26000,-1.21138,57.26000,-0.61409
57.27817,57.27000,512.86700,57.27000,-0.87339,57.27000,-0.67379
57.28817,57.28000,512.70758,57.28000,-0.52803,57.28000,-0.76926
57.29817,57.29000,512.54114,57.29000,-0.18342,57.29000,-0.90261
57.30817,57.30000,512.37714,57.30000,0.15126,57.30000,-1.07451
57.31817,57.31000,512.22473,57.31000,0.46625,57.31000,-1.28403
57.32817,57.32000,512.09174,57.32000,0.75175,57.32000,-1.52851
57.33817,57.33000,511.98410,57.33000,0.99869,57.33000,-1.80366
57.34818,57.34000,511.90497,57.34000,1.19931,57.34000,-2.10377
57.35818,57.35000,511.85458,57.35000,1.34759,57.35000,-2.42196
57.36818,57.36000,511.82990,57.36000,1.43939,57.36000,-2.75049
57.37818,57.37000,511.82504,57.37000,1.47244,57.37000,-3.08098
57.38818,57.38000,511.83176,57.38000,1.44631,57.38000,-3.40468
57.39818,57.39000,511.84012,57.39000,1.36253,57.39000,-3.71270
57.40818,57.40000,511.83936,57.40000,1.22457,57.40000,-3.99630
57.41819,57.41000,511.81882,57.41000,1.03796,57.41000,-4.24738
57.42819,57.42000,511.76877,57.42000,0.81021,57.42000,-4.45897
57.43819,57.43000,511.68100,57.43000,0.55059,57.43000,-4.62575
57.44819,57.44000,511.54947,57.44000,0.26977,57.44000,-4.74449
57.45819,57.45000,511.37073,57.45000,-0.02082,57.45000,-4.81430
57.46819,57.46000,511.14401,57.46000,-0.30967,57.46000,-4.83669
57.47819,57.47000,510.87146,57.47000,-0.58595,57.47000,-4.81541
57.48820,57.48000,510.55774,57.48000,-0.84017,57.48000,-4.75610
57.49820,57.49000,510.20981,57.49000,-1.06467,57.49000,-4.66586
57.50820,57.50000,509.83618,57.50000,-1.25399,57.50000,-4.55274
57.51820,57.51000,509.44650,57.51000,-1.40499,57.51000,-4.42519
57.52820,57.52000,509.05081,57.52000,-1.51696,57.52000,-4.29157
57.53820,57.53000,508.65918,57.53000,-1.59156,57.53000,-4.15959
57.54820,57.54000,508.28113,57.54000,-1.63272,57.54000,-4.03591
57.55821,57.55000,507.92539,57.55000,-1.64646,57.55000,-3.92573
57.56821,57.56000,507.59949,57.56000,-1.64053,57.56000,-3.83265
57.57821,57.57000,507.30951,57.57000,-1.62397,57.57000,-3.75862
57.58821,57.58000,507.05969,57.58000,-1.60641,57.58000,-3.70404
57.59821,57.59000,506.85230,57.59000,-1.59727,57.59000,-3.66805
57.60821,57.60000,506.68741,57.60000,-1.60492,57.60000,-3.64873
57.61821,57.61000,506.56308,57.61000,-1.63587,57.61000,-3.64346
57.62822,57.62000,506.47540,57.62000,-1.69420,57.62000,-3.64919
57.63822,57.63000,506.41892,57.63000,-1.78116,57.63000,-3.66275
57.64822,57.64000,506.38696,57.64000,-1.89504,57.64000,-3.68120
57.65822,57.65000,506.37216,57.65000,-2.03128,57.65000,-3.70201
57.66822,57.66000,506.36691,57.66000,-2.18281,57.66000,-3.72336
57.67822,57.67000,506.36368,57.67000,-2.34058,57.67000,-3.74424
57.68822,57.68000,506.35562,57.68000,-2.49424,57.68000,-3.76451
57.69823,57.69000,506.33676,57.69000,-2.63292,57.69000,-3.78487
57.70823,57.70000,506.30240,57.70000,-2.74604,57.70000,-3.80663
57.71823,57.71000,506.24933,57.71000,-2.82413,57.71000,-3.83148
57.72823,57.72000,506.17587,57.72000,-2.85957,57.72000,-3.86102
57.73823,57.73000,506.08215,57.73000,-2.84731,57.73000,-3.89640
57.74823,57.74000,505.96991,57.74000,-2.78536,57.74000,-3.93791
57.75823,57.75000,505.84213,57.75000,-2.67504,57.75000,-3.98471
57.76824,57.76000,505.70294,57.76000,-2.52103,57.76000,-4.03475
57.77824,57.77000,505.55695,57.77000,-2.33107,57.77000,-4.08477
57.78824,57.78000,505.40903,57.78000,-2.11546,57.78000,-4.13054
57.79824,57.79000,505.26392,57.79000,-1.88638,57.79000,-4.16711
57.80824,57.80000,505.12595,57.80000,-1.65705,57.80000,-4.18927
57.81824,57.81000,504.99878,57.81000,-1.44074,57.81000,-4.19194
57.82824,57.82000,504.88532,57.82000,-1.24980,57.82000,-4.17062
57.83825,57.83000,504.78760,57.83000,-1.09475,57.83000,-4.12183
57.84825,57.84000,504.70706,57.84000,-0.98351,57.84000,-4.04343
57.85825,57.85000,504.64475,57.85000,-0.92106,57.85000,-3.93479
57.86825,57.86000,504.60184,57.86000,-0.90927,57.86000,-3.79683
57.87825,57.87000,504.58014,57.87000,-0.94711,57.87000,-3.63191
57.88825,57.88000,504.58252,57.88000,-1.03085,57.88000,-3.44356
57.89825,57.89000,504.61292,57.89000,-1.15437,57.89000,-3.23608
57.90826,57.90000,504.67609,57.90000,-1.30949,57.90000,-3.01418
57.91826,57.91000,504.77737,57.91000,-1.48644,57.91000,-2.78261
57.92826,57.92000,504.92191,57.92000,-1.67437,57.92000,-2.54599
57.93826,57.93000,505.11414,57.93000,-1.86201,57.93000,-2.30865
57.94826,57.94000,505.35724,57.94000,-2.03831,57.94000,-2.07457
57.95826,57.95000,505.65271,57.95000,-2.19313,57.95000,-1.84736
57.96826,57.96000,505.99997,57.96000,-2.31783,57.96000,-1.63023
57.97827,57.97000,506.39633,57.97000,-2.40585,57.97000,-1.42597
57.98827,57.98000,506.83682,57.98000,-2.45315,57.98000,-1.23687
57.99827,57.99000,507.31448,57.99000,-2.45851,57.99000,-1.06480
58.00827,58.00000,507.82071,58.00000,-2.42353,58.00000,-0.91110
58.01827,58.01000,508.34558,58.01000,-2.35249,58.01000,-0.77666
58.02827,58.02000,508.87854,58.02000,-2.25178,58.02000,-0.66185
58.03827,58.03000,509.40894,58.03000,-2.12928,58.03000,-0.56651
58.04828,58.04000,509.92664,58.04000,-1.99360,58.04000,-0.48995
58.05828,58.05000,510.42249,58.05000,-1.85329,58.05000,-0.43093
58.06828,58.06000,510.88867,58.06000,-1.71621,58.06000,-0.38782
58.07828,58.07000,511.31876,58.07000,-1.58913,58.07000,-0.35869
58.08828,58.08000,511.70779,58.08000,-1.47741,58.08000,-0.34153
58.09828,58.09000,512.05219,58.09000,-1.38504,58.09000,-0.33445
58.10828,58.10000,512.34943,58.10000,-1.31468,58.10000,-0.33583
58.11829,58.11000,512.59839,58.11000,-1.26782,58.11000,-0.34438
58.12829,58.12000,512.79871,58.12000,-1.24499,58.12000,-0.35912
58.13829,58.13000,512.95142,58.13000,-1.24596,58.13000,-0.37927
58.14829,58.14000,513.05859,58.14000,-1.26977,58.14000,-0.40410
58.15829,58.15000,513.12335,58.15000,-1.31490,58.15000,-0.43279
58.16829,58.16000,513.15027,58.16000,-1.37920,58.16000,-0.46432
58.17829,58.17000,513.14453,58.17000,-1.45993,58.17000,-0.49739
58.18830,58.18000,513.11255,58.18000,-1.55364,58.18000,-0.53044
58.19830,58.19000,513.06104,58.19000,-1.65617,58.19000,-0.56167
58.20830,58.20000,512.99701,58.20000,-1.76258,58.20000,-0.58915
58.21830,58.21000,512.92749,58.21000,-1.86727,58.21000,-0.61087
58.22830,58.22000,512.85895,58.22000,-1.96405,58.22000,-0.62490
58.23830,58.23000,512.79688,58.23000,-2.04648,58.23000,-0.62952
58.24830,58.24000,512.74561,58.24000,-2.10819,58.24000,-0.62335
58.25831,58.25000,512.70813,58.25000,-2.14333,58.25000,-0.60552
58.26831,58.26000,512.68573,58.26000,-2.14705,58.26000,-0.57586
58.27831,58.27000,512.67792,58.27000,-2.11589,58.27000,-0.53504
58.28831,58.28000,512.68262,58.28000,-2.04809,58.28000,-0.48466
58.29831,58.29000,512.69611,58.29000,-1.94366,58.29000,-0.42731
58.30831,58.30000,512.71362,58.30000,-1.80430,58.30000,-0.36652
58.31831,58.31000,512.72931,58.31000,-1.63309,58.31000,-0.30665
58.32832,58.32000,512.73718,58.32000,-1.43405,58.32000,-0.25263
58.33832,58.33000,512.73175,58.33000,-1.21174,58.33000,-0.20969
58.34832,58.34000,512.70862,58.34000,-0.97089,58.34000,-0.18303
58.35832,58.35000,512.66534,58.35000,-0.71630,58.35000,-0.17754
58.36832,58.36000,512.60150,58.36000,-0.45284,58.36000,-0.19755
58.37832,58.37000,512.51941,58.37000,-0.18577,58.37000,-0.24663
58.38832,58.38000,512.42371,58.38000,0.07905,58.38000,-0.32739
58.39833,58.39000,512.32111,58.39000,0.33494,58.39000,-0.44146
58.40833,58.40000,512.21967,58.40000,0.57447,58.40000,-0.58927
58.41833,58.41000,512.12805,58.41000,0.78980,58.41000,-0.77013
58.42833,58.42000,512.05420,58.42000,0.97328,58.42000,-0.98213
58.43833,58.43000,512.00470,58.43000,1.11809,58.43000,-1.22227
58.44833,58.44000,511.98346,58.44000,1.21895,58.44000,-1.48658
58.45833,58.45000,511.99152,58.45000,1.27249,58.45000,-1.77018
58.46834,58.46000,512.02661,58.46000,1.27761,58.46000,-2.06739
58.47834,58.47000,512.08344,58.47000,1.23541,58.47000,-2.37178
58.48834,58.48000,512.15405,58.48000,1.14913,58.48000,-2.67614
58.49834,58.49000,512.22888,58.49000,1.02383,58.49000,-2.97255
58.50834,58.50000,512.29742,58.50000,0.86608,58.50000,-3.25266
58.51834,58.51000,512.34943,58.51000,0.68358,58.51000,-3.50798
58.52834,58.52000,512.37567,58.52000,0.48474,58.52000,-3.73057
58.53835,58.53000,512.36835,58.53000,0.27839,58.53000,-3.91364
58.54835,58.54000,512.32208,58.54000,0.07336,58.54000,-4.05225
58.55835,58.55000,512.23352,58.55000,-0.12184,58.55000,-4.14383
58.56835,58.56000,512.10199,58.56000,-0.29941,58.56000,-4.18845
58.57835,58.57000,511.92886,58.57000,-0.45257,58.57000,-4.18877
58.58835,58.58000,511.71774,58.58000,-0.57599,58.58000,-4.14982
58.59835,58.59000,511.47400,58.59000,-0.66603,58.59000,-4.07841
58.60836,58.60000,511.20432,58.60000,-0.72094,58.60000,-3.98260
58.61836,58.61000,510.91653,58.61000,-0.74100,58.61000,-3.87104
58.62836,58.62000,510.61890,58.62000,-0.72844,58.62000,-3.75234
58.63836,58.63000,510.31979,58.63000,-0.68727,58.63000,-3.63463
58.64836,58.64000,510.02728,58.64000,-0.62307,58.64000,-3.52505
58.65836,58.65000,509.74878,58.65000,-0.54267,58.65000,-3.42949
58.66836,58.66000,509.49075,58.66000,-0.45383,58.66000,-3.35229
58.67837,58.67000,509.25858,58.67000,-0.36486,58.67000,-3.29622
58.68837,58.68000,509.05640,58.68000,-0.28431,58.68000,-3.26249
58.69837,58.69000,508.88702,58.69000,-0.22055,58.69000,-3.25097
58.70837,58.70000,508.75180,58.70000,-0.18135,58.70000,-3.26042
58.71837,58.71000,508.65054,58.71000,-0.17341,58.71000,-3.28885
58.72837,58.72000,508.58157,58.72000,-0.20189,58.72000,-3.33384
58.73837,58.73000,508.54166,58.73000,-0.27009,58.73000,-3.39281
58.74838,58.74000,508.52631,58.74000,-0.37922,58.74000,-3.46334
58.75838,58.75000,508.52991,58.75000,-0.52827,58.75000,-3.54329
58.76838,58.76000,508.54608,58.76000,-0.71407,58.76000,-3.63099
58.77838,58.77000,508.56805,58.77000,-0.93141,58.77000,-3.72522
58.78838,58.78000,508.58902,58.78000,-1.17329,58.78000,-3.82517
58.79838,58.79000,508.60248,58.79000,-1.43116,58.79000,-3.93033
58.80838,58.80000,508.60257,58.80000,-1.69530,58.80000,-4.04025
58.81839,58.81000,508.58429,58.81000,-1.95524,58.81000,-4.15439
58.82839,58.82000,508.54370,58.82000,-2.20017,58.82000,-4.27189
58.83839,58.83000,508.47803,58.83000,-2.41953,58.83000,-4.39139
58.84839,58.84000,508.38568,58.84000,-2.60351,58.84000,-4.51092
58.85839,58.85000,508.26630,58.85000,-2.74368,58.85000,-4.62782
58.86839,58.86000,508.12076,58.86000,-2.83362,58.86000,-4.73879
58.87839,58.87000,507.95108,58.87000,-2.86945,58.87000,-4.83994
58.88840,58.88000,507.76035,58.88000,-2.85023,58.88000,-4.92700
58.89840,58.89000,507.55264,58.89000,-2.77816,58.89000,-4.99556
58.90840,58.90000,507.33270,58.90000,-2.65853,58.90000,-5.04131
58.91840,58.91000,507.10568,58.91000,-2.49933,58.91000,-5.06033
58.92840,58.92000,506.87695,58.92000,-2.31074,58.92000,-5.04928
58.93840,58.93000,506.65167,58.93000,-2.10441,58.93000,-5.00568
58.94840,58.94000,506.43442,58.94000,-1.89270,58.94000,-4.92801
58.95841,58.95000,506.22873,58.95000,-1.68786,58.95000,-4.81594
58.96841,58.96000,506.03705,58.96000,-1.50130,58.96000,-4.67035
58.97841,58.97000,505.86050,58.97000,-1.34289,58.97000,-4.49339
58.98841,58.98000,505.69931,58.98000,-1.22052,58.98000,-4.28840
58.99841,58.99000,505.55331,58.99000,-1.13981,58.99000,-4.05970
59.00841,59.00000,505.42276,59.00000,-1.10399,59.00000,-3.81237
59.01841,59.01000,505.30911,59.01000,-1.11390,59.01000,-3.55186
59.02842,59.02000,505.21545,59.02000,-1.16795,59.02000,-3.28362
59.03842,59.03000,505.14676,59.03000,-1.26225,59.03000,-3.01279
59.04842,59.04000,505.10938,59.04000,-1.39060,59.04000,-2.74390
59.05842,59.05000,505.11060,59.05000,-1.54477,59.05000,-2.48079
59.06842,59.06000,505.15772,59.06000,-1.71494,59.06000,-2.22667
59.07842,59.07000,505.25717,59.07000,-1.89026,59.07000,-1.98432
59.08842,59.08000,505.41388,59.08000,-2.05966,59.08000,-1.75628
59.09843,59.09000,505.63062,59.09000,-2.21263,59.09000,-1.54502
59.10843,59.10000,505.90765,59.10000,-2.34004,59.10000,-1.35302
59.11843,59.11000,506.24280,59.11000,-2.43485,59.11000,-1.18272
59.12843,59.12000,506.63129,59.12000,-2.49263,59.12000,-1.03635
59.13843,59.13000,507.06638,59.13000,-2.51184,59.13000,-0.91572
59.14843,59.14000,507.53952,59.14000,-2.49393,59.14000,-0.82201
59.15843,59.15000,508.04114,59.15000,-2.44299,59.15000,-0.75554
59.16844,59.16000,508.56101,59.16000,-2.36533,59.16000,-0.71560
59.17844,59.17000,509.08887,59.17000,-2.26879,59.17000,-0.70037
59.18844,59.18000,509.61484,59.18000,-2.16198,59.18000,-0.70695
59.19844,59.19000,510.12964,59.19000,-2.05348,59.19000,-0.73150
59.20844,59.20000,510.62482,59.20000,-1.95114,59.20000,-0.76945
59.21844,59.21000,511.09283,59.21000,-1.86155,59.21000,-0.81588
59.22844,59.22000,511.52698,59.22000,-1.78964,59.22000,-0.86592
59.23845,59.23000,511.92157,59.23000,-1.73853,59.23000,-0.91512
59.24845,59.24000,512.27191,59.24000,-1.70956,59.24000,-0.95978
59.25845,59.25000,512.57446,59.25000,-1.70251,59.25000,-0.99719
59.26845,59.26000,512.82690,59.26000,-1.71590,59.26000,-1.02573
59.27845,59.27000,513.02844,59.27000,-1.74736,59.27000,-1.04483
59.28845,59.28000,513.17975,59.28000,-1.79402,59.28000,-1.05484
59.29845,59.29000,513.28314,59.29000,-1.85291,59.29000,-1.05688
59.30846,59.30000,513.34271,59.30000,-1.92118,59.30000,-1.05251
59.31846,59.31000,513.36395,59.31000,-1.99631,59.31000,-1.04351
59.32846,59.32000,513.35346,59.32000,-2.07620,59.32000,-1.03163
59.33846,59.33000,513.31891,59.33000,-2.15911,59.33000,-1.01836
59.34846,59.34000,513.26843,59.34000,-2.24351,59.34000,-1.00477
59.35846,59.35000,513.21033,59.35000,-2.32792,59.35000,-0.99137
59.36846,59.36000,513.15241,59.36000,-2.41064,59.36000,-0.97809
59.37846,59.37000,513.10193,59.37000,-2.48958,59.37000,-0.96427
59.38847,59.38000,513.06506,59.38000,-2.56213,59.38000,-0.94869
59.39847,59.39000,513.04669,59.39000,-2.62513,59.39000,-0.92975
59.40847,59.40000,513.04999,59.40000,-2.67504,59.40000,-0.90561
59.41847,59.41000,513.07654,59.41000,-2.70812,59.41000,-0.87448
59.42847,59.42000,513.12604,59.42000,-2.72076,59.42000,-0.83485
59.43847,59.43000,513.19635,59.43000,-2.70987,59.43000,-0.78586
59.44847,59.44000,513.28375,59.44000,-2.67319,59.44000,-0.72758
59.45848,59.45000,513.38306,59.45000,-2.60955,59.45000,-0.66125
59.46848,59.46000,513.48810,59.46000,-2.51893,59.46000,-0.58947
59.47848,59.47000,513.59192,59.47000,-2.40239,59.47000,-0.51622
59.48848,59.48000,513.68781,59.48000,-2.26184,59.48000,-0.44675
59.49848,59.49000,513.76965,59.49000,-2.09966,59.49000,-0.38729
59.50848,59.50000,513.83264,59.50000,-1.91842,59.50000,-0.34471
59.51848,59.51000,513.87396,59.51000,-1.72064,59.51000,-0.32603
59.52849,59.52000,513.89319,59.52000,-1.50872,59.52000,-0.33792
59.53849,59.53000,513.89209,59.53000,-1.28513,59.53000,-0.38625
59.54849,59.54000,513.87488,59.54000,-1.05284,59.54000,-0.47563
59.55849,59.55000,513.84772,59.55000,-0.81577,59.55000,-0.60910
59.56849,59.56000,513.81799,59.56000,-0.57912,59.56000,-0.78784
59.57849,59.57000,513.79370,59.57000,-0.34948,59.57000,-1.01104
59.58849,59.58000,513.78272,59.58000,-0.13447,59.58000,-1.27578
59.59850,59.59000,513.79157,59.59000,0.05782,59.59000,-1.57722
59.60850,59.60000,513.82477,59.60000,0.21959,59.60000,-1.90880
59.61850,59.61000,513.88416,59.61000,0.34407,59.61000,-2.26265
59.62850,59.62000,513.96808,59.62000,0.42605,59.62000,-2.63000
59.63850,59.63000,514.07178,59.63000,0.46224,59.63000,-3.00148
59.64850,59.64000,514.18738,59.64000,0.45144,59.64000,-3.36744
59.65850,59.65000,514.30481,59.65000,0.39455,59.65000,-3.71812
59.66851,59.66000,514.41260,59.66000,0.29447,59.66000,-4.04392
59.67851,59.67000,514.49896,59.67000,0.15602,59.67000,-4.33571
59.68851,59.68000,514.55286,59.68000,-0.01428,59.68000,-4.58526
59.69851,59.69000,514.56470,59.69000,-0.20845,59.69000,-4.78585
59.70851,59.70000,514.52722,59.70000,-0.41733,59.70000,-4.93280
59.71851,59.71000,514.43597,59.71000,-0.63105,59.71000,-5.02395
59.72851,59.72000,514.28925,59.72000,-0.83947,59.72000,-5.05991
59.73852,59.73000,514.08850,59.73000,-1.03286,59.73000,-5.04404
59.74852,59.74000,513.83789,59.74000,-1.20252,59.74000,-4.98217
59.75852,59.75000,513.54413,59.75000,-1.34140,59.75000,-4.88208
59.76852,59.76000,513.21576,59.76000,-1.44470,59.76000,-4.75285
59.77852,59.77000,512.86304,59.77000,-1.51021,59.77000,-4.60411
59.78852,59.78000,512.49677,59.78000,-1.53842,59.78000,-4.44540
59.79852,59.79000,512.12811,59.79000,-1.53232,59.79000,-4.28554
59.80853,59.80000,511.76785,59.80000,-1.49707,59.80000,-4.13215
59.81853,59.81000,511.42581,59.81000,-1.43939,59.81000,-3.99130
59.82853,59.82000,511.11069,59.82000,-1.36705,59.82000,-3.86722
59.83853,59.83000,510.82974,59.83000,-1.28830,59.83000,-3.76233
59.84853,59.84000,510.58878,59.84000,-1.21148,59.84000,-3.67725
59.85853,59.85000,510.39188,59.85000,-1.14455,59.85000,-3.61113
59.86853,59.86000,510.24149,59.86000,-1.09480,59.86000,-3.56199
59.87854,59.87000,510.13834,59.87000,-1.06840,59.87000,-3.52711
59.88854,59.88000,510.08136,59.88000,-1.07005,59.88000,-3.50347
59.89854,59.89000,510.06763,59.89000,-1.10268,59.89000,-3.48808
59.90854,59.90000,510.09232,59.90000,-1.16720,59.90000,-3.47834
59.91854,59.91000,510.14893,59.91000,-1.26245,59.91000,-3.47223
59.92854,59.92000,510.22925,59.92000,-1.38525,59.92000,-3.46848
59.93854,59.93000,510.32370,59.93000,-1.53057,59.93000,-3.46668
59.94855,59.94000,510.42172,59.94000,-1.69188,59.94000,-3.46727
59.95855,59.95000,510.51221,59.95000,-1.86149,59.95000,-3.47146
59.96855,59.96000,510.58420,59.96000,-2.03101,59.96000,-3.48102
59.97855,59.97000,510.62744,59.97000,-2.19179,59.97000,-3.49806
59.98855,59.98000,510.63321,59.98000,-2.33527,59.98000,-3.52467
59.99855,59.99000,510.59494,59.99000,-2.45338,59.99000,-3.56252
60.00855,60.00000,510.50891,60.00000,-2.53886,60.00000,-3.61246
60.01856,60.01000,510.37466,60.01000,-2.58555,60.01000,-3.67414
60.02856,60.02000,510.19528,60.02000,-2.58873,60.02000,-3.74572
60.03856,60.03000,509.97733,60.03000,-2.54542,60.03000,-3.82373
60.04856,60.04000,509.73050,60.04000,-2.45469,60.04000,-3.90316
60.05856,60.05000,509.46698,60.05000,-2.31782,60.05000,-3.97767
60.06856,60.06000,509.20044,60.06000,-2.13847,60.06000,-4.04005
60.07856,60.07000,508.94501,60.07000,-1.92259,60.07000,-4.08281
60.08857,60.08000,508.71405,60.08000,-1.67817,60.08000,-4.09884
60.09857,60.09000,508.51914,60.09000,-1.41472,60.09000,-4.08203
60.10857,60.10000,508.36893,60.10000,-1.14268,60.10000,-4.02782
60.11857,60.11000,508.26865,60.11000,-0.87255,60.11000,-3.93360
60.12857,60.12000,508.21985,60.12000,-0.61423,60.12000,-3.79886
60.13857,60.13000,508.22073,60.13000,-0.37637,60.13000,-3.62505
60.14857,60.14000,508.26697,60.14000,-0.16609,60.14000,-3.41537
60.15858,60.15000,508.35278,60.15000,0.01109,60.15000,-3.17431
60.16858,60.16000,508.47223,60.16000,0.15123,60.16000,-2.90728
60.17858,60.17000,508.62003,60.17000,0.25182,60.17000,-2.62013
60.18858,60.18000,508.79236,60.18000,0.31176,60.18000,-2.31893
60.19858,60.19000,508.98709,60.19000,0.33136,60.19000,-2.00974
60.20858,60.20000,509.20364,60.20000,0.31232,60.20000,-1.69861
60.21858,60.21000,509.44241,60.21000,0.25772,60.21000,-1.39161
60.22859,60.22000,509.70444,60.22000,0.17204,60.22000,-1.09491
60.23859,60.23000,509.99057,60.23000,0.06090,60.23000,-0.81478
60.24859,60.24000,510.30124,60.24000,-0.06921,60.24000,-0.55742
60.25859,60.25000,510.63602,60.25000,-0.21133,60.25000,-0.32866
60.26859,60.26000,510.99356,60.26000,-0.35854,60.26000,-0.13352
60.27859,60.27000,511.37161,60.27000,-0.50440,60.27000,0.02432
60.28859,60.28000,511.76706,60.28000,-0.64337,60.28000,0.14284
60.29860,60.29000,512.17603,60.29000,-0.77119,60.29000,0.22199
60.30860,60.30000,512.59418,60.30000,-0.88502,60.30000,0.26369
60.31860,60.31000,513.01666,60.31000,-0.98350,60.31000,0.27163
60.32860,60.32000,513.43842,60.32000,-1.06665,60.32000,0.25092
60.33860,60.33000,513.85413,60.33000,-1.13569,60.33000,0.20757
60.34860,60.34000,514.25861,60.34000,-1.19267,60.34000,0.14805
60.35860,60.35000,514.64673,60.35000,-1.24017,60.35000,0.07872
60.36861,60.36000,515.01361,60.36000,-1.28094,60.36000,0.00543
60.37861,60.37000,515.35480,60.37000,-1.31754,60.37000,-0.06688
60.38861,60.38000,515.66626,60.38000,-1.35219,60.38000,-0.13445
60.39861,60.39000,515.94464,60.39000,-1.38662,60.39000,-0.19485
60.40861,60.40000,516.18744,60.40000,-1.42205,60.40000,-0.24706
60.41861,60.41000,516.39313,60.41000,-1.45935,60.41000,-0.29132
60.42861,60.42000,516.56122,60.42000,-1.49915,60.42000,-0.32896
60.43862,60.43000,516.69238,60.43000,-1.54205,60.43000,-0.36200
60.44862,60.44000,516.78876,60.44000,-1.58867,60.44000,-0.39284
60.45862,60.45000,516.85333,60.45000,-1.63975,60.45000,-0.42375
60.46862,60.46000,516.89032,60.46000,-1.69605,60.46000,-0.45653
60.47862,60.47000,516.90460,60.47000,-1.75819,60.47000,-0.49216
60.48862,60.48000,516.90161,60.48000,-1.82657,60.48000,-0.53063
60.49862,60.49000,516.88696,60.49000,-1.90110,60.49000,-0.57082
60.50863,60.50000,516.86621,60.50000,-1.98104,60.50000,-0.61061
60.51863,60.51000,516.84467,60.51000,-2.06489,60.51000,-0.64703
60.52863,60.52000,516.82684,60.52000,-2.15032,60.52000,-0.67656
60.53863,60.53000,516.81659,60.53000,-2.23413,60.53000,-0.69544
60.54863,60.54000,516.81690,60.54000,-2.31243,60.54000,-0.70015
60.55863,60.55000,516.82953,60.55000,-2.38079,60.55000,-0.68769
60.56863,60.56000,516.85523,60.56000,-2.43456,60.56000,-0.65601
60.57864,60.57000,516.89356,60.57000,-2.46919,60.57000,-0.60428
60.58864,60.58000,516.94299,60.58000,-2.48060,60.58000,-0.53309
60.59864,60.59000,517.00079,60.59000,-2.46549,60.59000,-0.44455
60.60864,60.60000,517.06348,60.60000,-2.42165,60.60000,-0.34231
60.61864,60.61000,517.12659,60.61000,-2.34812,60.61000,-0.23145
60.62864,60.62000,517.18536,60.62000,-2.24519,60.62000,-0.11829
60.63864,60.63000,517.23486,60.63000,-2.11431,60.63000,-0.01014
60.64865,60.64000,517.27051,60.64000,-1.95789,60.64000,0.08510
60.65865,60.65000,517.28876,60.65000,-1.77902,60.65000,0.15934
60.66865,60.66000,517.28735,60.66000,-1.58119,60.66000,0.20472
60.67865,60.67000,517.26593,60.67000,-1.36811,60.67000,0.21411
60.68865,60.68000,517.22614,60.68000,-1.14359,60.68000,0.18148
60.69865,60.69000,517.17145,60.69000,-0.91168,60.69000,0.10229
60.70865,60.70000,517.10724,60.70000,-0.67687,60.70000,-0.02625
60.71866,60.71000,517.03998,60.71000,-0.44440,60.71000,-0.20502
60.72866,60.72000,516.97711,60.72000,-0.22042,60.72000,-0.43289
60.73866,60.73000,516.92590,60.73000,-0.01194,60.73000,-0.70671
60.74866,60.74000,516.89313,60.74000,0.17345,60.74000,-1.02146
60.75866,60.75000,516.88379,60.75000,0.32815,60.75000,-1.37053
60.76866,60.76000,516.90082,60.76000,0.44513,60.76000,-1.74606
60.77866,60.77000,516.94434,60.77000,0.51850,60.77000,-2.13938
60.78867,60.78000,517.01148,60.78000,0.54400,60.78000,-2.54144
60.79867,60.79000,517.09674,60.79000,0.51940,60.79000,-2.94306
60.80867,60.80000,517.19202,60.80000,0.44471,60.80000,-3.33513
60.81867,60.81000,517.28772,60.81000,0.32233,60.81000,-3.70870
60.82867,60.82000,517.37354,60.82000,0.15708,60.82000,-4.05511
60.83867,60.83000,517.43951,60.83000,-0.04403,60.83000,-4.36616
60.84867,60.84000,517.47662,60.84000,-0.27204,60.84000,-4.63448
60.85868,60.85000,517.47778,60.85000,-0.51651,60.85000,-4.85398
60.86868,60.86000,517.43823,60.86000,-0.76608,60.86000,-5.02028
60.87868,60.87000,517.35571,60.87000,-1.00913,60.87000,-5.13115
60.88868,60.88000,517.23041,60.88000,-1.23443,60.88000,-5.18675
60.89868,60.89000,517.06488,60.89000,-1.43196,60.89000,-5.18968
60.90868,60.90000,516.86371,60.90000,-1.59348,60.90000,-5.14480
60.91868,60.91000,516.63294,60.91000,-1.71318,60.91000,-5.05880
60.92869,60.92000,516.37970,60.92000,-1.78799,60.92000,-4.93979
60.93869,60.93000,516.11169,60.93000,-1.81777,60.93000,-4.79667
60.94869,60.94000,515.83691,60.94000,-1.80516,60.94000,-4.63862
60.95869,60.95000,515.56323,60.95000,-1.75526,60.95000,-4.47453
60.96869,60.96000,515.29804,60.96000,-1.67503,60.96000,-4.31258
60.97869,60.97000,515.04804,60.97000,-1.57270,60.97000,-4.15977
60.98869,60.98000,514.81934,60.98000,-1.45715,60.98000,-4.02162
60.99870,60.99000,514.61694,60.99000,-1.33736,60.99000,-3.90194
61.00870,61.00000,514.44513,61.00000,-1.22199,61.00000,-3.80279
61.01870,61.01000,514.30689,61.01000,-1.11915,61.01000,-3.72461
61.02870,61.02000,514.20429,61.02000,-1.03612,61.02000,-3.66648
61.03870,61.03000,514.13806,61.03000,-0.97923,61.03000,-3.62647
61.04870,61.04000,514.10754,61.04000,-0.95363,61.04000,-3.60203
61.05870,61.05000,514.11078,61.05000,-0.96305,61.05000,-3.59031
61.06871,61.06000,514.14417,61.06000,-1.00960,61.06000,-3.58850
61.07871,61.07000,514.20258,61.07000,-1.09359,61.07000,-3.59402
61.08871,61.08000,514.27960,61.08000,-1.21346,61.08000,-3.60476
61.09871,61.09000,514.36749,61.09000,-1.36576,61.09000,-3.61919
61.10871,61.10000,514.45758,61.10000,-1.54532,61.10000,-3.63638
61.11871,61.11000,514.54059,61.11000,-1.74542,61.11000,-3.65606
61.12871,61.12000,514.60730,61.12000,-1.95810,61.12000,-3.67849
61.13872,61.13000,514.64880,61.13000,-2.17455,61.13000,-3.70440
61.14872,61.14000,514.65741,61.14000,-2.38549,61.14000,-3.73477
61.15872,61.15000,514.62701,61.15000,-2.58158,61.15000,-3.77062
61.16872,61.16000,514.55353,61.16000,-2.75380,61.16000,-3.81277
61.17872,61.17000,514.43543,61.17000,-2.89389,61.17000,-3.86157
61.18872,61.18000,514.27393,61.18000,-2.99475,61.18000,-3.91662
61.19872,61.19000,514.07306,61.19000,-3.05081,61.19000,-3.97655
61.20873,61.20000,513.83942,61.20000,-3.05851,61.20000,-4.03890
61.21873,61.21000,513.58215,61.21000,-3.01662,61.21000,-4.10011
61.22873,61.22000,513.31195,61.22000,-2.92649,61.22000,-4.15558
61.23873,61.23000,513.04059,61.23000,-2.79206,61.23000,-4.19999
61.24873,61.24000,512.77991,61.24000,-2.61971,61.24000,-4.22758
61.25873,61.25000,512.54108,61.25000,-2.41782,61.25000,-4.23260
61.26873,61.26000,512.33350,61.26000,-2.19620,61.26000,-4.20981
61.27874,61.27000,512.16437,61.27000,-1.96538,61.27000,-4.15488
61.28874,61.28000,512.03821,61.28000,-1.73590,61.28000,-4.06480
61.29874,61.29000,511.95679,61.29000,-1.51763,61.29000,-3.93809
61.30874,61.30000,511.91962,61.30000,-1.31937,61.30000,-3.77491
61.31874,61.31000,511.92444,61.31000,-1.14853,61.31000,-3.57699
61.32874,61.32000,511.96832,61.32000,-1.01105,61.32000,-3.34746
61.33874,61.33000,512.04840,61.33000,-0.91135,61.33000,-3.09055
61.34875,61.34000,512.16242,61.34000,-0.85221,61.34000,-2.81138
61.35875,61.35000,512.30908,61.35000,-0.83462,61.35000,-2.51567
61.36875,61.36000,512.48810,61.36000,-0.85765,61.36000,-2.20956
61.37875,61.37000,512.69959,61.37000,-0.91833,61.37000,-1.89954
61.38875,61.38000,512.94397,61.38000,-1.01178,61.38000,-1.59236
61.39875,61.39000,513.22150,61.39000,-1.13144,61.39000,-1.29496
61.40875,61.40000,513.53180,61.40000,-1.26953,61.40000,-1.01427
61.41876,61.41000,513.87384,61.41000,-1.41762,61.41000,-0.75690
61.42876,61.42000,514.24567,61.42000,-1.56717,61.42000,-0.52871
61.43876,61.43000,514.64435,61.43000,-1.71021,61.43000,-0.33443
61.44876,61.44000,515.06616,61.44000,-1.83984,61.44000,-0.17729
61.45876,61.45000,515.50665,61.45000,-1.95070,61.45000,-0.05875
61.46876,61.46000,515.96075,61.46000,-2.03929,61.46000,0.02157
61.47876,61.47000,516.42297,61.47000,-2.10410,61.47000,0.06582
61.48877,61.48000,516.88776,61.48000,-2.14562,61.48000,0.07775
61.49877,61.49000,517.34918,61.49000,-2.16607,61.49000,0.06229
61.50877,61.50000,517.80170,61.50000,-2.16905,61.50000,0.02519
61.51877,61.51000,518.23975,61.51000,-2.15910,61.51000,-0.02743
61.52877,61.52000,518.65839,61.52000,-2.14113,61.52000,-0.08952
61.53877,61.53000,519.05280,61.53000,-2.12003,61.53000,-0.15544
61.54877,61.54000,519.41888,61.54000,-2.10018,61.54000,-0.22033
61.55878,61.55000,519.75299,61.55000,-2.08522,61.55000,-0.28035
61.56878,61.56000,520.05212,61.56000,-2.07791,61.56000,-0.33287
61.57878,61.57000,520.31409,61.57000,-2.08011,61.57000,-0.37649
61.58878,61.58000,520.53754,61.58000,-2.09296,61.58000,-0.41101
61.59878,61.59000,520.72217,61.59000,-2.11697,61.59000,-0.43721
61.60878,61.60000,520.86902,61.60000,-2.15229,61.60000,-0.45656
61.61878,61.61000,520.98010,61.61000,-2.19883,61.61000,-0.47089
61.62879,61.62000,521.05878,61.62000,-2.25638,61.62000,-0.48198
61.63879,61.63000,521.10956,61.63000,-2.32464,61.63000,-0.49136
61.64879,61.64000,521.13770,61.64000,-2.40318,61.64000,-0.49995
61.65879,61.65000,521.14923,61.65000,-2.49132,61.65000,-0.50801
61.66879,61.66000,521.15057,61.66000,-2.58802,61.66000,-0.51506
61.67879,61.67000,521.14819,61.67000,-2.69167,61.67000,-0.51987
61.68879,61.68000,521.14819,61.68000,-2.80000,61.68000,-0.52060
61.69880,61.69000,521.15637,61.69000,-2.90998,61.69000,-0.51493
61.70880,61.70000,521.17731,61.70000,-3.01780,61.70000,-0.50037
61.71880,61.71000,521.21448,61.71000,-3.11898,61.71000,-0.47445
61.72880,61.72000,521.26978,61.72000,-3.20848,61.72000,-0.43509
61.73880,61.73000,521.34338,61.73000,-3.28100,61.73000,-0.38092
61.74880,61.74000,521.43359,61.74000,-3.33129,61.74000,-0.31154
61.75880,61.75000,521.53674,61.75000,-3.35453,61.75000,-0.22774
61.76881,61.76000,521.64758,61.76000,-3.34668,61.76000,-0.13168
61.77881,61.77000,521.75946,61.77000,-3.30477,61.77000,-0.02683
61.78881,61.78000,521.86505,61.78000,-3.22709,61.78000,0.08209
61.79881,61.79000,521.95673,61.79000,-3.11323,61.79000,0.18928
61.80881,61.80000,522.02747,61.80000,-2.96399,61.80000,0.28823
61.81881,61.81000,522.07153,61.81000,-2.78122,61.81000,0.37193
61.82881,61.82000,522.08490,61.82000,-2.56758,61.82000,0.43329
61.83882,61.83000,522.06604,61.83000,-2.32640,61.83000,0.46541
61.84882,61.84000,522.01581,61.84000,-2.06167,61.84000,0.46194
61.85882,61.85000,521.93768,61.85000,-1.77811,61.85000,0.41737
61.86882,61.86000,521.83746,61.86000,-1.48137,61.86000,0.32733
61.87882,61.87000,521.72290,61.87000,-1.17830,61.87000,0.18891
61.88882,61.88000,521.60297,61.88000,-0.87699,61.88000,0.00092
61.89882,61.89000,521.48731,61.89000,-0.58658,61.89000,-0.23588
61.90883,61.90000,521.38525,61.90000,-0.31687,61.90000,-0.51859
61.91883,61.91000,521.30469,61.91000,-0.07761,61.91000,-0.84222
61.92883,61.92000,521.25128,61.92000,0.12216,61.92000,-1.19985
61.93883,61.93000,521.22791,61.93000,0.27475,61.93000,-1.58301
61.94883,61.94000,521.23395,61.94000,0.37431,61.94000,-1.98207
61.95883,61.95000,521.26526,61.95000,0.41717,61.95000,-2.38666
61.96883,61.96000,521.31482,61.96000,0.40206,61.96000,-2.78600
61.97884,61.97000,521.37299,61.97000,0.33017,61.97000,-3.16925
61.98884,61.98000,521.42883,61.98000,0.20511,61.98000,-3.52587
61.99884,61.99000,521.47083,61.99000,0.03284,61.99000,-3.84604
62.00884,62.00000,521.48792,62.00000,-0.17860,62.00000,-4.12115
62.01884,62.01000,521.47058,62.01000,-0.41930,62.01000,-4.34438
62.02884,62.02000,521.41126,62.02000,-0.67798,62.02000,-4.51121
62.03884,62.03000,521.30499,62.03000,-0.94250,62.03000,-4.61978
62.04885,62.04000,521.14941,62.04000,-1.20058,62.04000,-4.67107
62.05885,62.05000,520.94525,62.05000,-1.44058,62.05000,-4.66881
62.06885,62.06000,520.69580,62.06000,-1.65224,62.06000,-4.61908
62.07885,62.07000,520.40668,62.07000,-1.82735,62.07000,-4.52977
62.08885,62.08000,520.08563,62.08000,-1.96026,62.08000,-4.40999
62.09885,62.09000,519.74182,62.09000,-2.04808,62.09000,-4.26935
62.10885,62.10000,519.38519,62.10000,-2.09071,62.10000,-4.11742
62.11886,62.11000,519.02612,62.11000,-2.09061,62.11000,-3.96318
62.12886,62.12000,518.67493,62.12000,-2.05241,62.12000,-3.81461
62.13886,62.13000,518.34125,62.13000,-1.98245,62.13000,-3.67833
62.14886,62.14000,518.03400,62.14000,-1.88824,62.14000,-3.55942
62.15886,62.15000,517.76093,62.15000,-1.77804,62.15000,-3.46123
62.16886,62.16000,517.52856,62.16000,-1.66039,62.16000,-3.38551
62.17886,62.17000,517.34186,62.17000,-1.54374,62.17000,-3.33247
62.18887,62.18000,517.20435,62.18000,-1.43610,62.18000,-3.30113
62.19887,62.19000,517.11749,62.19000,-1.34467,62.19000,-3.28963
62.20887,62.20000,517.08106,62.20000,-1.27552,62.20000,-3.29557
62.21887,62.21000,517.09265,62.21000,-1.23329,62.21000,-3.31631
62.22887,62.22000,517.14807,62.22000,-1.22111,62.22000,-3.34932
62.23887,62.23000,517.24109,62.23000,-1.24053,62.23000,-3.39232
62.24887,62.24000,517.36389,62.24000,-1.29158,62.24000,-3.44350
62.25888,62.25000,517.50732,62.25000,-1.37294,62.25000,-3.50156
62.26888,62.26000,517.66119,62.26000,-1.48202,62.26000,-3.56571
62.27888,62.27000,517.81451,62.27000,-1.61519,62.27000,-3.63561
62.28888,62.28000,517.95636,62.28000,-1.76792,62.28000,-3.71123
62.29888,62.29000,518.07593,62.29000,-1.93491,62.29000,-3.79263
62.30888,62.30000,518.16309,62.30000,-2.11026,62.30000,-3.87984
62.31888,62.31000,518.20892,62.31000,-2.28767,62.31000,-3.97259
62.32889,62.32000,518.20618,62.32000,-2.46055,62.32000,-4.07019
62.33889,62.33000,518.14941,62.33000,-2.62228,62.33000,-4.17137
62.34889,62.34000,518.03534,62.34000,-2.76649,62.34000,-4.27423
62.35889,62.35000,517.86316,62.35000,-2.88733,62.35000,-4.37626
62.36889,62.36000,517.63452,62.36000,-2.97988,62.36000,-4.47432
62.37889,62.37000,517.35370,62.37000,-3.04042,62.37000,-4.56484
62.38889,62.38000,517.02728,62.38000,-3.06678,62.38000,-4.64390
62.39890,62.39000,516.66412,62.39000,-3.05847,62.39000,-4.70741
62.40890,62.40000,516.27466,62.40000,-3.01672,62.40000,-4.75132
62.41890,62.41000,515.87103,62.41000,-2.94432,62.41000,-4.77166
62.42890,62.42000,515.46582,62.42000,-2.84541,62.42000,-4.76479
62.43890,62.43000,515.07208,62.43000,-2.72508,62.43000,-4.72752
62.44890,62.44000,514.70197,62.44000,-2.58899,62.44000,-4.65729
62.45890,62.45000,514.36658,62.45000,-2.44297,62.45000,-4.55245
62.46891,62.46000,514.07471,62.46000,-2.29263,62.46000,-4.41243
62.47891,62.47000,513.83307,62.47000,-2.14317,62.47000,-4.23793
62.48891,62.48000,513.64551,62.48000,-1.99919,62.48000,-4.03091
62.49891,62.49000,513.51392,62.49000,-1.86474,62.49000,-3.79450
62.50891,62.50000,513.43848,62.50000,-1.74335,62.50000,-3.53274
62.51891,62.51000,513.41858,62.51000,-1.63806,62.51000,-3.25025
62.52891,62.52000,513.45325,62.52000,-1.55127,62.52000,-2.95189
62.53892,62.53000,513.54175,62.53000,-1.48465,62.53000,-2.64249
62.54892,62.54000,513.68384,62.54000,-1.43896,62.54000,-2.32670
62.55892,62.55000,513.87927,62.55000,-1.41399,62.55000,-2.00898
62.56892,62.56000,514.12756,62.56000,-1.40860,62.56000,-1.69379
62.57892,62.57000,514.42780,62.57000,-1.42094,62.57000,-1.38573
62.58892,62.58000,514.77777,62.58000,-1.44859,62.58000,-1.08969
62.59892,62.59000,515.17419,62.59000,-1.48887,62.59000,-0.81084
62.60893,62.60000,515.61224,62.60000,-1.53906,62.60000,-0.55440
62.61893,62.61000,516.08606,62.61000,-1.59662,62.61000,-0.32533
62.62893,62.62000,516.58868,62.62000,-1.65936,62.62000,-0.12790
62.63893,62.63000,517.11237,62.63000,-1.72557,62.63000,0.03471
62.64893,62.64000,517.64929,62.64000,-1.79403,62.64000,0.16072
62.65893,62.65000,518.19147,62.65000,-1.86408,62.65000,0.24997
62.66893,62.66000,518.73157,62.66000,-1.93551,62.66000,0.30394
62.67894,62.67000,519.26282,62.67000,-2.00849,62.67000,0.32566
62.68894,62.68000,519.77936,62.68000,-2.08346,62.68000,0.31947
62.69894,62.69000,520.27612,62.69000,-2.16099,62.69000,0.29068
62.70894,62.70000,520.74890,62.70000,-2.24157,62.70000,0.24510
62.71894,62.71000,521.19428,62.71000,-2.32552,62.71000,0.18857
62.72894,62.72000,521.60931,62.72000,-2.41286,62.72000,0.12643
62.73894,62.73000,521.99152,62.73000,-2.50324,62.73000,0.06313
62.74895,62.74000,522.33899,62.74000,-2.59600,62.74000,0.00189
62.75895,62.75000,522.65015,62.75000,-2.69019,62.75000,-0.05542
62.76895,62.76000,522.92395,62.76000,-2.78470,62.76000,-0.10823
62.77895,62.77000,523.16010,62.77000,-2.87835,62.77000,-0.15706
62.78895,62.78000,523.35925,62.78000,-2.97000,62.78000,-0.20314
62.79895,62.79000,523.52283,62.79000,-3.05859,62.79000,-0.24801
62.80895,62.80000,523.65350,62.80000,-3.14322,62.80000,-0.29315
62.81896,62.81000,523.75476,62.81000,-3.22305,62.81000,-0.33956
62.82896,62.82000,523.83118,62.82000,-3.29733,62.82000,-0.38754
62.83896,62.83000,523.88818,62.83000,-3.36530,62.83000,-0.43657
62.84896,62.84000,523.93170,62.84000,-3.42617,62.84000,-0.48521
62.85896,62.85000,523.96814,62.85000,-3.47903,62.85000,-0.53121
62.86896,62.86000,524.00397,62.86000,-3.52280,62.86000,-0.57166
62.87896,62.87000,524.04547,62.87000,-3.55622,62.87000,-0.60311
62.88897,62.88000,524.09839,62.88000,-3.57774,62.88000,-0.62190
62.89897,62.89000,524.16748,62.89000,-3.58553,62.89000,-0.62444
62.90897,62.90000,524.25635,62.90000,-3.57752,62.90000,-0.60752
62.91897,62.91000,524.36688,62.91000,-3.55150,62.91000,-0.56866
62.92897,62.92000,524.49927,62.92000,-3.50524,62.92000,-0.50647
62.93897,62.93000,524.65167,62.93000,-3.43666,62.93000,-0.42089
62.94897,62.94000,524.82031,62.94000,-3.34401,62.94000,-0.31350
62.95898,62.95000,524.99957,62.95000,-3.22597,62.95000,-0.18761
62.96898,62.96000,525.18250,62.96000,-3.08169,62.96000,-0.04838
62.97898,62.97000,525.36102,62.97000,-2.91074,62.97000,0.09730
62.98898,62.98000,525.52692,62.98000,-2.71305,62.98000,0.24096
62.99898,62.99000,525.67230,62.99000,-2.48880,62.99000,0.37287
63.00898,63.00000,525.79053,63.00000,-2.23836,63.00000,0.48247
63.01898,63.01000,525.87653,63.01000,-1.96236,63.01000,0.55888
63.02899,63.02000,525.92767,63.02000,-1.66184,63.02000,0.59154
63.03899,63.03000,525.94360,63.03000,-1.33860,63.03000,0.57087
63.04899,63.04000,525.92639,63.04000,-0.99561,63.04000,0.48896
63.05899,63.05000,525.88043,63.05000,-0.63736,63.05000,0.34034
63.06899,63.06000,525.81213,63.06000,-0.27019,63.06000,0.12255
63.07899,63.07000,525.72937,63.07000,0.09782,63.07000,-0.16333
63.08899,63.08000,525.64093,63.08000,0.45722,63.08000,-0.51251
63.09900,63.09000,525.55560,63.09000,0.79795,63.09000,-0.91660
63.10900,63.10000,525.48126,63.10000,1.11019,63.10000,-1.36409
63.11900,63.11000,525.42419,63.11000,1.38517,63.11000,-1.84119
63.12900,63.12000,525.38794,63.12000,1.61574,63.12000,-2.33277
63.13900,63.13000,525.37317,63.13000,1.79661,63.13000,-2.82334
63.14900,63.14000,525.37720,63.14000,1.92455,63.14000,-3.29791
63.15900,63.15000,525.39417,63.15000,1.99833,63.15000,-3.74259
63.16901,63.16000,525.41553,63.16000,2.01890,63.16000,-4.14507
63.17901,63.17000,525.43079,63.17000,1.98943,63.17000,-4.49499
63.18901,63.18000,525.42859,63.18000,1.91537,63.18000,-4.78421
63.19901,63.19000,525.39764,63.19000,1.80434,63.19000,-5.00712
63.20901,63.20000,525.32776,63.20000,1.66577,63.20000,-5.16092
63.21901,63.21000,525.21082,63.21000,1.51020,63.21000,-5.24584
63.22901,63.22000,525.04138,63.22000,1.34854,63.22000,-5.26520
63.23902,63.23000,524.81720,63.23000,1.19125,63.23000,-5.22521
63.24902,63.24000,524.53919,63.24000,1.04755,63.24000,-5.13460
63.25902,63.25000,524.21161,63.25000,0.92487,63.25000,-5.00404
63.26902,63.26000,523.84143,63.26000,0.82848,63.26000,-4.84544
63.27902,63.27000,523.43768,63.27000,0.76147,63.27000,-4.67119
63.28902,63.28000,523.01105,63.28000,0.72475,63.28000,-4.49340
63.29902,63.29000,522.57300,63.29000,0.71741,63.29000,-4.32326
63.30903,63.30000,522.13507,63.30000,0.73701,63.30000,-4.17037
63.31903,63.31000,521.70856,63.31000,0.77985,63.31000,-4.04234
63.32903,63.32000,521.30383,63.32000,0.84122,63.32000,-3.94446
63.33903,63.33000,520.92999,63.33000,0.91552,63.33000,-3.87968
63.34903,63.34000,520.59479,63.34000,0.99632,63.34000,-3.84871
63.35903,63.35000,520.30396,63.35000,1.07652,63.35000,-3.85041
63.36903,63.36000,520.06152,63.36000,1.14855,63.36000,-3.88220
63.37904,63.37000,519.86908,63.37000,1.20476,63.37000,-3.94055
63.38904,63.38000,519.72632,63.38000,1.23794,63.38000,-4.02140
63.39904,63.39000,519.63074,63.39000,1.24180,63.39000,-4.12054
63.40904,63.40000,519.57813,63.40000,1.21151,63.40000,-4.23386
63.41904,63.41000,519.56256,63.41000,1.14413,63.41000,-4.35750
63.42904,63.42000,519.57697,63.42000,1.03891,63.42000,-4.48799
63.43904,63.43000,519.61346,63.43000,0.89745,63.43000,-4.62220
63.44905,63.44000,519.66370,63.44000,0.72367,63.44000,-4.75744
63.45905,63.45000,519.71924,63.45000,0.52360,63.45000,-4.89132
63.46905,63.46000,519.77203,63.46000,0.30498,63.46000,-5.02178
63.47905,63.47000,519.81458,63.47000,0.07675,63.47000,-5.14700
63.48905,63.48000,519.84015,63.48000,-0.15157,63.48000,-5.26537
63.49905,63.49000,519.84326,63.49000,-0.37046,63.49000,-5.37541
63.50905,63.50000,519.81958,63.50000,-0.57104,63.50000,-5.47571
63.51906,63.51000,519.76587,63.51000,-0.74567,63.51000,-5.56489
63.52906,63.52000,519.68042,63.52000,-0.88839,63.52000,-5.64152
63.53906,63.53000,519.56262,63.53000,-0.99533,63.53000,-5.70410
63.54906,63.54000,519.41309,63.54000,-1.06491,63.54000,-5.75106
63.55906,63.55000,519.23364,63.55000,-1.09783,63.55000,-5.78070
63.56906,63.56000,519.02716,63.56000,-1.09681,63.56000,-5.79120
63.57906,63.57000,518.79742,63.57000,-1.06619,63.57000,-5.78059
63.58907,63.58000,518.54919,63.58000,-1.01128,63.58000,-5.74665
63.59907,63.59000,518.28815,63.59000,-0.93786,63.59000,-5.68691
63.60907,63.60000,518.02051,63.60000,-0.85163,63.60000,-5.59871
63.61907,63.61000,517.75305,63.61000,-0.75793,63.61000,-5.47932
63.62907,63.62000,517.49243,63.62000,-0.66163,63.62000,-5.32622
63.63907,63.63000,517.24493,63.63000,-0.56710,63.63000,-5.13745
63.64907,63.64000,517.01587,63.64000,-0.47833,63.64000,-4.91205
63.65908,63.65000,516.80933,63.65000,-0.39900,63.65000,-4.65039
63.66908,63.66000,516.62836,63.66000,-0.33247,63.66000,-4.35455
63.67908,63.67000,516.47504,63.67000,-0.28173,63.67000,-4.02839
63.68908,63.68000,516.35107,63.68000,-0.24923,63.68000,-3.67755
63.69908,63.69000,516.25842,63.69000,-0.23670,63.69000,-3.30918
63.70908,63.70000,516.19971,63.70000,-0.24490,63.70000,-2.93165
63.71908,63.71000,516.17841,63.71000,-0.27339,63.71000,-2.55398
63.72909,63.72000,516.19867,63.72000,-0.32057,63.72000,-2.18543
63.73909,63.73000,516.26502,63.73000,-0.38364,63.73000,-1.83501
63.74909,63.74000,516.38171,63.74000,-0.45892,63.74000,-1.51101
63.75909,63.75000,516.55225,63.75000,-0.54205,63.75000,-1.22064
63.76909,63.76000,516.77869,63.76000,-0.62830,63.76000,-0.96960
63.77909,63.77000,517.06152,63.77000,-0.71289,63.77000,-0.76179
63.78909,63.78000,517.39941,63.78000,-0.79129,63.78000,-0.59897
63.79910,63.79000,517.78882,63.79000,-0.85949,63.79000,-0.48075
63.80910,63.80000,518.22443,63.80000,-0.91445,63.80000,-0.40463
63.81910,63.81000,518.69928,63.81000,-0.95429,63.81000,-0.36634
63.82910,63.82000,519.20496,63.82000,-0.97858,63.82000,-0.36024
63.83910,63.83000,519.73224,63.83000,-0.98832,63.83000,-0.37989
63.84910,63.84000,520.27142,63.84000,-0.98580,63.84000,-0.41850
63.85910,63.85000,520.81299,63.85000,-0.97433,63.85000,-0.46945
63.86911,63.86000,521.34808,63.86000,-0.95784,63.86000,-0.52657
63.87911,63.87000,521.86877,63.87000,-0.94044,63.87000,-0.58444
63.88911,63.88000,522.36835,63.88000,-0.92605,63.88000,-0.63856
63.89911,63.89000,522.84149,63.89000,-0.91810,63.89000,-0.68549
63.90911,63.90000,523.28406,63.90000,-0.91936,63.90000,-0.72292
63.91911,63.91000,523.69305,63.91000,-0.93181,63.91000,-0.74966
63.92911,63.92000,524.06671,63.92000,-0.95670,63.92000,-0.76562
63.93912,63.93000,524.40405,63.93000,-0.99458,63.93000,-0.77166
63.94912,63.94000,524.70514,63.94000,-1.04536,63.94000,-0.76941
63.95912,63.95000,524.97076,63.95000,-1.10846,63.95000,-0.76099
63.96912,63.96000,525.20264,63.96000,-1.18284,63.96000,-0.74872
63.97912,63.97000,525.40314,63.97000,-1.26719,63.97000,-0.73485
63.98912,63.98000,525.57532,63.98000,-1.35997,63.98000,-0.72128
63.99912,63.99000,525.72284,63.99000,-1.45960,63.99000,-0.70944
64.00913,64.00000,525.84967,64.00000,-1.56450,64.00000,-0.70006
64.01913,64.01000,525.96014,64.01000,-1.67321,64.01000,-0.69323
64.02913,64.02000,526.05847,64.02000,-1.78439,64.02000,-0.68831
64.03913,64.03000,526.14887,64.03000,-1.89680,64.03000,-0.68408
64.04913,64.04000,526.23517,64.04000,-2.00925,64.04000,-0.67871
64.05913,64.05000,526.32080,64.05000,-2.12048,64.05000,-0.67002
64.06913,64.06000,526.40857,64.06000,-2.22908,64.06000,-0.65553
64.07914,64.07000,526.50067,64.07000,-2.33336,64.07000,-0.63274
64.08914,64.08000,526.59845,64.08000,-2.43131,64.08000,-0.59930
64.09914,64.09000,526.70270,64.09000,-2.52061,64.09000,-0.55331
64.10914,64.10000,526.81335,64.10000,-2.59864,64.10000,-0.49354
64.11914,64.11000,526.92993,64.11000,-2.66264,64.11000,-0.41968
64.12914,64.12000,527.05139,64.12000,-2.70971,64.12000,-0.33255
64.13914,64.13000,527.17615,64.13000,-2.73702,64.13000,-0.23417
64.14915,64.14000,527.30267,64.14000,-2.74180,64.14000,-0.12788
64.15915,64.15000,527.42920,64.15000,-2.72143,64.15000,-0.01816
64.16915,64.16000,527.55396,64.16000,-2.67344,64.16000,0.08946
64.17915,64.17000,527.67542,64.17000,-2.59555,64.17000,0.18872
64.18915,64.18000,527.79230,64.18000,-2.48573,64.18000,0.27296
64.19915,64.19000,527.90350,64.19000,-2.34232,64.19000,0.33557
64.20915,64.20000,528.00848,64.20000,-2.16425,64.20000,0.37043
64.21916,64.21000,528.10700,64.21000,-1.95144,64.21000,0.37236
64.22916,64.22000,528.19910,64.22000,-1.70524,64.22000,0.33755
64.23916,64.23000,528.28540,64.23000,-1.42899,64.23000,0.26393
64.24916,64.24000,528.36688,64.24000,-1.12850,64.24000,0.15137
64.25916,64.25000,528.44507,64.25000,-0.81223,64.25000,0.00178
64.26916,64.26000,528.52203,64.26000,-0.49122,64.26000,-0.18096
64.27916,64.27000,528.60010,64.27000,-0.17844,64.27000,-0.39129
64.28917,64.28000,528.68195,64.28000,0.11234,64.28000,-0.62249
64.29917,64.29000,528.76978,64.29000,0.36797,64.29000,-0.86731
64.30917,64.30000,528.86523,64.30000,0.57740,64.30000,-1.11872
64.31917,64.31000,528.96851,64.31000,0.73291,64.31000,-1.37058
64.32917,64.32000,529.07788,64.32000,0.83079,64.32000,-1.61808
64.33917,64.33000,529.18951,64.33000,0.87137,64.33000,-1.85785
64.34917,64.34000,529.29755,64.34000,0.85858,64.34000,-2.08773
64.35918,64.35000,529.39447,64.35000,0.79915,64.35000,-2.30629
64.36918,64.36000,529.47192,64.36000,0.70167,64.36000,-2.51214
64.37918,64.37000,529.52161,64.37000,0.57570,64.37000,-2.70347
64.38918,64.38000,529.53571,64.38000,0.43090,64.38000,-2.87780
64.39918,64.39000,529.50800,64.39000,0.27645,64.39000,-3.03198
64.40918,64.40000,529.43427,64.40000,0.12048,64.40000,-3.16261
64.41918,64.41000,529.31232,64.41000,-0.03009,64.41000,-3.26654
64.42918,64.42000,529.14246,64.42000,-0.16976,64.42000,-3.34149
64.43919,64.43000,528.92688,64.43000,-0.29443,64.43000,-3.38651
64.44919,64.44000,528.67004,64.44000,-0.40135,64.44000,-3.40229
64.45919,64.45000,528.37775,64.45000,-0.48907,64.45000,-3.39122
64.46919,64.46000,528.05725,64.46000,-0.55734,64.46000,-3.35716
64.47919,64.47000,527.71668,64.47000,-0.60693,64.47000,-3.30518
64.48919,64.48000,527.36444,64.48000,-0.63950,64.48000,-3.24107
64.49919,64.49000,527.00909,64.49000,-0.65729,64.49000,-3.17090
64.50920,64.50000,526.65869,64.50000,-0.66293,64.50000,-3.10060
64.51920,64.51000,526.32044,64.51000,-0.65908,64.51000,-3.03555
64.52920,64.52000,526.00055,64.52000,-0.64835,64.52000,-2.98023
64.53920,64.53000,525.70404,64.53000,-0.63316,64.53000,-2.93801
64.54920,64.54000,525.43439,64.54000,-0.61580,64.54000,-2.91100
64.55920,64.55000,525.19421,64.55000,-0.59862,64.55000,-2.90004
64.56920,64.56000,524.98468,64.56000,-0.58420,64.56000,-2.90480
64.57921,64.57000,524.80615,64.57000,-0.57549,64.57000,-2.92398
64.58921,64.58000,524.65808,64.58000,-0.57584,64.58000,-2.95557
64.59921,64.59000,524.53919,64.59000,-0.58884,64.59000,-2.99714
64.60921,64.60000,524.44739,64.60000,-0.61802,64.60000,-3.04613
64.61921,64.61000,524.38001,64.61000,-0.66649,64.61000,-3.10008
64.62921,64.62000,524.33380,64.62000,-0.73661,64.62000,-3.15693
64.63921,64.63000,524.30481,64.63000,-0.82954,64.63000,-3.21512
64.64922,64.64000,524.28876,64.64000,-0.94506,64.64000,-3.27379
64.65922,64.65000,524.28095,64.65000,-1.08135,64.65000,-3.33282
64.66922,64.66000,524.27649,64.66000,-1.23497,64.66000,-3.39278
64.67922,64.67000,524.27051,64.67000,-1.40100,64.67000,-3.45491
64.68922,64.68000,524.25818,64.68000,-1.57327,64.68000,-3.52084
64.69922,64.69000,524.23505,64.69000,-1.74470,64.69000,-3.59242
64.70922,64.70000,524.19702,64.70000,-1.90772,64.70000,-3.67137
64.71923,64.71000,524.14069,64.71000,-2.05475,64.71000,-3.75895
64.72923,64.72000,524.06311,64.72000,-2.17866,64.72000,-3.85564
64.73923,64.73000,523.96216,64.73000,-2.27332,64.73000,-3.96085
64.74923,64.74000,523.83630,64.74000,-2.33406,64.74000,-4.07276
64.75923,64.75000,523.68488,64.75000,-2.35812,64.75000,-4.18830
64.76923,64.76000,523.50787,64.76000,-2.34493,64.76000,-4.30319
64.77923,64.77000,523.30634,64.77000,-2.29622,64.77000,-4.41222
64.78924,64.78000,523.08191,64.78000,-2.21585,64.78000,-4.50950
64.79924,64.79000,522.83752,64.79000,-2.10953,64.79000,-4.58880
64.80924,64.80000,522.57703,64.80000,-1.98426,64.80000,-4.64395
64.81924,64.81000,522.30530,64.81000,-1.84783,64.81000,-4.66919
64.82924,64.82000,522.02802,64.82000,-1.70816,64.82000,-4.65956
64.83924,64.83000,521.75153,64.83000,-1.57287,64.83000,-4.61127
64.84924,64.84000,521.48236,64.84000,-1.44874,64.84000,-4.52208
64.85925,64.85000,521.22687,64.85000,-1.34147,64.85000,-4.39159
64.86925,64.86000,520.99091,64.86000,-1.25549,64.86000,-4.22137
64.87925,64.87000,520.77972,64.87000,-1.19393,64.87000,-4.01498
64.88925,64.88000,520.59821,64.88000,-1.15874,64.88000,-3.77771
64.89925,64.89000,520.45111,64.89000,-1.15078,64.89000,-3.51614
64.90925,64.90000,520.34345,64.90000,-1.16990,64.90000,-3.23758
64.91925,64.91000,520.28033,64.91000,-1.21485,64.91000,-2.94941
64.92926,64.92000,520.26709,64.92000,-1.28329,64.92000,-2.65846
64.93926,64.93000,520.30890,64.93000,-1.37171,64.93000,-2.37068
64.94926,64.94000,520.40991,64.94000,-1.47553,64.94000,-2.09085
64.95926,64.95000,520.57306,64.95000,-1.58936,64.95000,-1.82269
64.96926,64.96000,520.79901,64.96000,-1.70732,64.96000,-1.56906
64.97926,64.97000,521.08630,64.97000,-1.82347,64.97000,-1.33225
64.98926,64.98000,521.43103,64.98000,-1.93223,64.98000,-1.11421
64.99927,64.99000,521.82709,64.99000,-2.02884,64.99000,-0.91673
65.00927,65.00000,522.26666,65.00000,-2.10968,65.00000,-0.74146
65.01927,65.01000,522.74066,65.01000,-2.17253,65.01000,-0.58987
65.02927,65.02000,523.23944,65.02000,-2.21671,65.02000,-0.46307
65.03927,65.03000,523.75324,65.03000,-2.24303,65.03000,-0.36172
65.04927,65.04000,524.27313,65.04000,-2.25364,65.04000,-0.28588
65.05927,65.05000,524.79102,65.05000,-2.25176,65.05000,-0.23493
65.06928,65.06000,525.30005,65.06000,-2.24127,65.06000,-0.20754
65.07928,65.07000,525.79498,65.07000,-2.22635,65.07000,-0.20173
65.08928,65.08000,526.27173,65.08000,-2.21100,65.08000,-0.21490
65.09928,65.09000,526.72742,65.09000,-2.19871,65.09000,-0.24398
65.10928,65.10000,527.16010,65.10000,-2.19213,65.10000,-0.28562
65.11928,65.11000,527.56824,65.11000,-2.19287,65.11000,-0.33636
65.12928,65.12000,527.95062,65.12000,-2.20155,65.12000,-0.39292
65.13929,65.13000,528.30609,65.13000,-2.21788,65.13000,-0.45241
65.14929,65.14000,528.63330,65.14000,-2.24091,65.14000,-0.51246
65.15929,65.15000,528.93103,65.15000,-2.26936,65.15000,-0.57135
65.16929,65.16000,529.19824,65.16000,-2.30188,65.16000,-0.62798
65.17929,65.17000,529.43408,65.17000,-2.33731,65.17000,-0.68178
65.18929,65.18000,529.63843,65.18000,-2.37487,65.18000,-0.73256
65.19929,65.19000,529.81189,65.19000,-2.41418,65.19000,-0.78033
65.20930,65.20000,529.95612,65.20000,-2.45519,65.20000,-0.82507
65.21930,65.21000,530.07373,65.21000,-2.49812,65.21000,-0.86655
65.22930,65.22000,530.16827,65.22000,-2.54322,65.22000,-0.90418
65.23930,65.23000,530.24445,65.23000,-2.59063,65.23000,-0.93690
65.24930,65.24000,530.30768,65.24000,-2.64020,65.24000,-0.96322
65.25930,65.25000,530.36395,65.25000,-2.69136,65.25000,-0.98120
65.26930,65.26000,530.41974,65.26000,-2.74296,65.26000,-0.98858
65.27931,65.27000,530.48138,65.27000,-2.79327,65.27000,-0.98297
65.28931,65.28000,530.55487,65.28000,-2.83993,65.28000,-0.96199
65.29931,65.29000,530.64545,65.29000,-2.87996,65.29000,-0.92353
65.30931,65.30000,530.75708,65.30000,-2.90996,65.30000,-0.86598
65.31931,65.31000,530.89197,65.31000,-2.92625,65.31000,-0.78848
65.32931,65.32000,531.05035,65.32000,-2.92514,65.32000,-0.69121
65.33931,65.33000,531.23029,65.33000,-2.90317,65.33000,-0.57556
65.34932,65.34000,531.42755,65.34000,-2.85741,65.34000,-0.44437
65.35932,65.35000,531.63593,65.35000,-2.78562,65.35000,-0.30195
65.36932,65.36000,531.84778,65.36000,-2.68639,65.36000,-0.15406
65.37932,65.37000,532.05450,65.37000,-2.55913,65.37000,-0.00776
65.38932,65.38000,532.24725,65.38000,-2.40396,65.38000,0.12896
65.39932,65.39000,532.41827,65.39000,-2.22160,65.39000,0.24750
65.40932,65.40000,532.56104,65.40000,-2.01320,65.40000,0.33915
65.41933,65.41000,532.67139,65.41000,-1.78021,65.41000,0.39561
65.42933,65.42000,532.74780,65.42000,-1.52444,65.42000,0.40941
65.43933,65.43000,532.79157,65.43000,-1.24823,65.43000,0.37444
65.44933,65.44000,532.80640,65.44000,-0.95482,65.44000,0.28625
65.45933,65.45000,532.79834,65.45000,-0.64882,65.45000,0.14238
65.46933,65.46000,532.77515,65.46000,-0.33651,65.46000,-0.05743
65.47933,65.47000,532.74554,65.47000,-0.02594,65.47000,-0.31112
65.48934,65.48000,532.71838,65.48000,0.27336,65.48000,-0.61426
65.49934,65.49000,532.70190,65.49000,0.55111,65.49000,-0.96027
65.50934,65.50000,532.70270,65.50000,0.79717,65.50000,-1.34071
65.51934,65.51000,532.72516,65.51000,1.00250,65.51000,-1.74585
65.52934,65.52000,532.77051,65.52000,1.15992,65.52000,-2.16522
65.53934,65.53000,532.83655,65.53000,1.26451,65.53000,-2.58828
65.54934,65.54000,532.91809,65.54000,1.31368,65.54000,-3.00485
65.55935,65.55000,533.00684,65.55000,1.30706,65.55000,-3.40541
65.56935,65.56000,533.09283,65.56000,1.24632,65.56000,-3.78122
65.57935,65.57000,533.16510,65.57000,1.13497,65.57000,-4.12439
65.58935,65.58000,533.21277,65.58000,0.97832,65.58000,-4.42788
65.59935,65.59000,533.22614,65.59000,0.78335,65.59000,-4.68575
65.60935,65.60000,533.19751,65.60000,0.55849,65.60000,-4.89340
65.61935,65.61000,533.12177,65.61000,0.31337,65.61000,-5.04788
65.62936,65.62000,532.99664,65.62000,0.05832,65.62000,-5.14823
65.63936,65.63000,532.82282,65.63000,-0.19620,65.63000,-5.19559
65.64936,65.64000,532.60400,65.64000,-0.44031,65.64000,-5.19319
65.65936,65.65000,532.34638,65.65000,-0.66536,65.65000,-5.14619
65.66936,65.66000,532.05835,65.66000,-0.86450,65.66000,-5.06127
65.67936,65.67000,531.74988,65.67000,-1.03308,65.67000,-4.94622
65.68936,65.68000,531.43195,65.68000,-1.16878,65.68000,-4.80944
65.69937,65.69000,531.11572,65.69000,-1.27152,65.69000,-4.65945
65.70937,65.70000,530.81213,65.70000,-1.34317,65.70000,-4.50447
65.71937,65.71000,530.53113,65.71000,-1.38718,65.71000,-4.35202
65.72937,65.72000,530.28162,65.72000,-1.40810,65.72000,-4.20850
65.73937,65.73000,530.07098,65.73000,-1.41129,65.73000,-4.07898
65.74937,65.74000,529.90485,65.74000,-1.40256,65.74000,-3.96694
65.75937,65.75000,529.78723,65.75000,-1.38794,65.75000,-3.87426
65.76938,65.76000,529.72015,65.76000,-1.37352,65.76000,-3.80132
65.77938,65.77000,529.70374,65.77000,-1.36517,65.77000,-3.74721
65.78938,65.78000,529.73578,65.78000,-1.36824,65.78000,-3.71005
65.79938,65.79000,529.81207,65.79000,-1.38719,65.79000,-3.68737
65.80938,65.80000,529.92627,65.80000,-1.42523,65.80000,-3.67634
65.81938,65.81000,530.07001,65.81000,-1.48407,65.81000,-3.67416
65.82938,65.82000,530.23334,65.82000,-1.56380,65.82000,-3.67827
65.83939,65.83000,530.40515,65.83000,-1.66277,65.83000,-3.68654
65.84939,65.84000,530.57361,65.84000,-1.77776,65.84000,-3.69751
65.85939,65.85000,530.72693,65.85000,-1.90413,65.85000,-3.71041
65.86939,65.86000,530.85394,65.86000,-2.03608,65.86000,-3.72519
65.87939,65.87000,530.94489,65.87000,-2.16702,65.87000,-3.74247
65.88939,65.88000,530.99213,65.88000,-2.28991,65.88000,-3.76332
65.89939,65.89000,530.99060,65.89000,-2.39755,65.89000,-3.78897
65.90940,65.90000,530.93829,65.90000,-2.48302,65.90000,-3.82053
65.91940,65.91000,530.83637,65.91000,-2.53998,65.91000,-3.85857
65.92940,65.92000,530.68927,65.92000,-2.56313,65.92000,-3.90287
65.93940,65.93000,530.50433,65.93000,-2.54859,65.93000,-3.95221
65.94940,65.94000,530.29138,65.94000,-2.49434,65.94000,-4.00427
65.95940,65.95000,530.06183,65.95000,-2.40056,65.95000,-4.05576
65.96940,65.96000,529.82806,65.96000,-2.26982,65.96000,-4.10253
65.97941,65.97000,529.60223,65.97000,-2.10715,65.97000,-4.13991
65.98941,65.98000,529.39575,65.98000,-1.91979,65.98000,-4.16295
65.99941,65.99000,529.21808,65.99000,-1.71680,65.99000,-4.16681
66.00941,66.00000,529.07642,66.00000,-1.50838,66.00000,-4.14706
66.01941,66.01000,528.97498,66.01000,-1.30513,66.01000,-4.10003
66.02941,66.02000,528.91486,66.02000,-1.11719,66.02000,-4.02305
66.03941,66.03000,528.89453,66.03000,-0.95353,66.03000,-3.91463
66.04942,66.04000,528.91010,66.04000,-0.82148,66.04000,-3.77463
66.05942,66.05000,528.95642,66.05000,-0.72651,66.05000,-3.60418
66.06942,66.06000,529.02856,66.06000,-0.67217,66.06000,-3.40565
66.07942,66.07000,529.12231,66.07000,-0.66017,66.07000,-3.18249
66.08942,66.08000,529.23529,66.08000,-0.69040,66.08000,-2.93895
66.09942,66.09000,529.36707,66.09000,-0.76084,66.09000,-2.67989
66.10942,66.10000,529.51874,66.10000,-0.86755,66.10000,-2.41057
66.11943,66.11000,529.69251,66.11000,-1.00468,66.11000,-2.13652
66.12943,66.12000,529.89105,66.12000,-1.16463,66.12000,-1.86347
66.13943,66.13000,530.11688,66.13000,-1.33842,66.13000,-1.59734
66.14943,66.14000,530.37183,66.14000,-1.51623,66.14000,-1.34405
66.15943,66.15000,530.65686,66.15000,-1.68798,66.15000,-1.10936
66.16943,66.16000,530.97174,66.16000,-1.84411,66.16000,-0.89847
66.17943,66.17000,531.31525,66.17000,-1.97625,66.17000,-0.71567
66.18944,66.18000,531.68506,66.18000,-2.07786,66.18000,-0.56391
66.19944,66.19000,532.07782,66.19000,-2.14469,66.19000,-0.44456
66.20944,66.20000,532.48920,66.20000,-2.17507,66.20000,-0.35728
66.21944,66.21000,532.91388,66.21000,-2.16994,66.21000,-0.30008
66.22944,66.22000,533.34583,66.22000,-2.13259,66.22000,-0.26955
66.23944,66.23000,533.77850,66.23000,-2.06829,66.23000,-0.26118
66.24944,66.24000,534.20477,66.24000,-1.98365,66.24000,-0.26976
66.25945,66.25000,534.61743,66.25000,-1.88599,66.25000,-0.28980
66.26945,66.26000,535.00928,66.26000,-1.78263,66.26000,-0.31594
66.27945,66.27000,535.37323,66.27000,-1.68031,66.27000,-0.34336
66.28945,66.28000,535.70276,66.28000,-1.58474,66.28000,-0.36807
66.29945,66.29000,535.99188,66.29000,-1.50037,66.29000,-0.38720
66.30945,66.30000,536.23554,66.30000,-1.43032,66.30000,-0.39907
66.31945,66.31000,536.42963,66.31000,-1.37647,66.31000,-0.40325
66.32946,66.32000,536.57147,66.32000,-1.33971,66.32000,-0.40034
66.33946,66.33000,536.66003,66.33000,-1.32018,66.33000,-0.39177
66.34946,66.34000,536.69580,66.34000,-1.31756,66.34000,-0.37944
66.35946,66.35000,536.68140,66.35000,-1.33126,66.35000,-0.36533
66.36946,66.36000,536.62085,66.36000,-1.36060,66.36000,-0.35120
66.37946,66.37000,536.52014,66.37000,-1.40485,66.37000,-0.33830
66.38946,66.38000,536.38629,66.38000,-1.46319,66.38000,-0.32718
66.39947,66.39000,536.22760,66.39000,-1.53466,66.39000,-0.31759
66.40947,66.40000,536.05286,66.40000,-1.61796,66.40000,-0.30850
66.41947,66.41000,535.87134,66.41000,-1.71133,66.41000,-0.29818
66.42947,66.42000,535.69183,66.42000,-1.81238,66.42000,-0.28432
66.43947,66.43000,535.52289,66.43000,-1.91808,66.43000,-0.26430
66.44947,66.44000,535.37183,66.44000,-2.02468,66.44000,-0.23548
66.45947,66.45000,535.24481,66.45000,-2.12788,66.45000,-0.19546
66.46948,66.46000,535.14642,66.46000,-2.22296,66.46000,-0.14247
66.47948,66.47000,535.07935,66.47000,-2.30512,66.47000,-0.07567
66.48948,66.48000,535.04443,66.48000,-2.36979,66.48000,0.00461
66.49948,66.49000,535.04059,66.49000,-2.41295,66.49000,0.09667
66.50948,66.50000,535.06494,66.50000,-2.43151,66.50000,0.19736
66.51948,66.51000,535.11310,66.51000,-2.42344,66.51000,0.30222
66.52948,66.52000,535.17969,66.52000,-2.38791,66.52000,0.40559
66.53949,66.53000,535.25861,66.53000,-2.32516,66.53000,0.50093
66.54949,66.54000,535.34369,66.54000,-2.23627,66.54000,0.58124
66.55949,66.55000,535.42920,66.55000,-2.12284,66.55000,0.63948
66.56949,66.56000,535.51025,66.56000,-1.98657,66.56000,0.66903
66.57949,66.57000,535.58313,66.57000,-1.82899,66.57000,0.66413
66.58949,66.58000,535.64563,66.58000,-1.65135,66.58000,0.62020
66.59949,66.59000,535.69684,66.59000,-1.45466,66.59000,0.53414
66.60950,66.60000,535.73724,66.60000,-1.24015,66.60000,0.40441
66.61950,66.61000,535.76843,66.61000,-1.00979,66.61000,0.23114
66.62950,66.62000,535.79291,66.62000,-0.76692,66.62000,0.01609
66.63950,66.63000,535.81354,66.63000,-0.51680,66.63000,-0.23745
66.64950,66.64000,535.83350,66.64000,-0.26671,66.64000,-0.52477
66.65950,66.65000,535.85571,66.65000,-0.02570,66.65000,-0.83990
66.66950,66.66000,535.88263,66.66000,0.19611,66.66000,-1.17593
66.67951,66.67000,535.91571,66.67000,0.38855,66.67000,-1.52524
66.68951,66.68000,535.95490,66.68000,0.54251,66.68000,-1.88001
66.69951,66.69000,535.99835,66.69000,0.65089,66.69000,-2.23261
66.70951,66.70000,536.04248,66.70000,0.70917,66.70000,-2.57602
66.71951,66.71000,536.08160,66.71000,0.71571,66.71000,-2.90399
66.72951,66.72000,536.10852,66.72000,0.67173,66.72000,-3.21108
66.73951,66.73000,536.11511,66.73000,0.58105,66.73000,-3.49252
66.74952,66.74000,536.09308,66.74000,0.44975,66.74000,-3.74405
66.75952,66.75000,536.03449,66.75000,0.28565,66.75000,-3.96182
66.76952,66.76000,535.93292,66.76000,0.09785,66.76000,-4.14245
66.77952,66.77000,535.78381,66.77000,-0.10394,66.77000,-4.28332
66.78952,66.78000,535.58490,66.78000,-0.30990,66.78000,-4.38288
66.79952,66.79000,535.33630,66.79000,-0.51070,66.79000,-4.44102
66.80952,66.80000,535.04083,66.80000,-0.69802,66.80000,-4.45932
66.81953,66.81000,534.70337,66.81000,-0.86497,66.81000,-4.44109
66.82953,66.82000,534.33118,66.82000,-1.00649,66.82000,-4.39124
66.83953,66.83000,533.93298,66.83000,-1.11953,66.83000,-4.31591
66.84953,66.84000,533.51874,66.84000,-1.20314,66.84000,-4.22196
66.85953,66.85000,533.09906,66.85000,-1.25832,66.85000,-4.11651
66.86953,66.86000,532.68469,66.86000,-1.28767,66.86000,-4.00631
66.87953,66.87000,532.28565,66.87000,-1.29503,66.87000,-3.89737
66.88954,66.88000,531.91119,66.88000,-1.28490,66.88000,-3.79455
66.89954,66.89000,531.56921,66.89000,-1.26207,66.89000,-3.70130
66.90954,66.90000,531.26581,66.90000,-1.23130,66.90000,-3.61955
66.91954,66.91000,531.00574,66.91000,-1.19719,66.91000,-3.54966
66.92954,66.92000,530.79181,66.92000,-1.16408,66.92000,-3.49065
66.93954,66.93000,530.62537,66.93000,-1.13616,66.93000,-3.44043
66.94954,66.94000,530.50592,66.94000,-1.11738,66.94000,-3.39629
66.95955,66.95000,530.43158,66.95000,-1.11142,66.95000,-3.35531
66.96955,66.96000,530.39880,66.96000,-1.12148,66.96000,-3.31486
66.97955,66.97000,530.40265,66.97000,-1.15008,66.97000,-3.27300
66.98955,66.98000,530.43689,66.98000,-1.19872,66.98000,-3.22869
66.99955,66.99000,530.49420,66.99000,-1.26775,66.99000,-3.18202
67.00955,67.00000,530.56635,67.00000,-1.35609,67.00000,-3.13416
67.01955,67.01000,530.64459,67.01000,-1.46129,67.01000,-3.08736
67.02956,67.02000,530.71991,67.02000,-1.57948,67.02000,-3.04473
67.03956,67.03000,530.78326,67.03000,-1.70558,67.03000,-3.01003
67.04956,67.04000,530.82611,67.04000,-1.83354,67.04000,-2.98729
67.05956,67.05000,530.84064,67.05000,-1.95663,67.05000,-2.98047
67.06956,67.06000,530.82025,67.06000,-2.06784,67.06000,-2.99295
67.07956,67.07000,530.75995,67.07000,-2.16020,67.07000,-3.02715
67.08956,67.08000,530.65637,67.08000,-2.22722,67.08000,-3.08405
67.09957,67.09000,530.50824,67.09000,-2.26326,67.09000,-3.16288
67.10957,67.10000,530.31628,67.10000,-2.26388,67.10000,-3.26094
67.11957,67.11000,530.08325,67.11000,-2.22623,67.11000,-3.37356
67.12957,67.12000,529.81384,67.12000,-2.14935,67.12000,-3.49436
67.13957,67.13000,529.51410,67.13000,-2.03439,67.13000,-3.61565
67.14957,67.14000,529.19135,67.14000,-1.88475,67.14000,-3.72904
67.15957,67.15000,528.85339,67.15000,-1.70610,67.15000,-3.82610
67.16958,67.16000,528.50824,67.16000,-1.50627,67.16000,-3.89902
67.17958,67.17000,528.16351,67.17000,-1.29496,67.17000,-3.94127
67.18958,67.18000,527.82611,67.18000,-1.08317,67.18000,-3.94802
67.19958,67.19000,527.50183,67.19000,-0.88256,67.19000,-3.91649
67.20958,67.20000,527.19537,67.20000,-0.70451,67.20000,-3.84603
67.21958,67.21000,526.91022,67.21000,-0.55935,67.21000,-3.73809
67.22958,67.22000,526.64911,67.22000,-0.45562,67.22000,-3.59595
67.23959,67.23000,526.41461,67.23000,-0.39953,67.23000,-3.42435
67.24959,67.24000,526.20960,67.24000,-0.39463,67.24000,-3.22898
67.25959,67.25000,526.03766,67.25000,-0.44158,67.25000,-3.01602
67.26959,67.26000,525.90332,67.26000,-0.53808,67.26000,-2.79157
67.27959,67.27000,525.81201,67.27000,-0.67895,67.27000,-2.56130
67.28959,67.28000,525.76947,67.28000,-0.85631,67.28000,-2.33022
67.29959,67.29000,525.78125,67.29000,-1.06000,67.29000,-2.10259
67.30960,67.30000,525.85193,67.30000,-1.27816,67.30000,-1.88200
67.31960,67.31000,525.98456,67.31000,-1.49795,67.31000,-1.67143
67.32960,67.32000,526.18012,67.32000,-1.70644,67.32000,-1.47335
67.33960,67.33000,526.43738,67.33000,-1.89147,67.33000,-1.28975
67.34960,67.34000,526.75250,67.34000,-2.04263,67.34000,-1.12207
67.35960,67.35000,527.11945,67.35000,-2.15205,67.35000,-0.97120
67.36960,67.36000,527.53009,67.36000,-2.21504,67.36000,-0.83744
67.37961,67.37000,527.97479,67.37000,-2.23043,67.37000,-0.72051
67.38961,67.38000,528.44269,67.38000,-2.20055,67.38000,-0.61963
67.39961,67.39000,528.92242,67.39000,-2.13091,67.39000,-0.53371
67.40961,67.40000,529.40271,67.40000,-2.02954,67.40000,-0.46143
67.41961,67.41000,529.87317,67.41000,-1.90617,67.41000,-0.40139
67.42961,67.42000,530.32446,67.42000,-1.77127,67.42000,-0.35223
67.43961,67.43000,530.74890,67.43000,-1.63507,67.43000,-0.31258
67.44962,67.44000,531.14069,67.44000,-1.50673,67.44000,-0.28117
67.45962,67.45000,531.49579,67.45000,-1.39364,67.45000,-0.25679
67.46962,67.46000,531.81177,67.46000,-1.30107,67.46000,-0.23835
67.47962,67.47000,532.08783,67.47000,-1.23197,67.47000,-0.22488
67.48962,67.48000,532.32416,67.48000,-1.18714,67.48000,-0.21556
67.49962,67.49000,532.52210,67.49000,-1.16554,67.49000,-0.20972
67.50962,67.50000,532.68390,67.50000,-1.16472,67.50000,-0.20679
67.51963,67.51000,532.81232,67.51000,-1.18139,67.51000,-0.20621
67.52963,67.52000,532.91107,67.52000,-1.21185,67.52000,-0.20738
67.53963,67.53000,532.98425,67.53000,-1.25241,67.53000,-0.20951
67.54963,67.54000,533.03656,67.54000,-1.29968,67.54000,-0.21154
67.55963,67.55000,533.07318,67.55000,-1.35063,67.55000,-0.21201
67.56963,67.56000,533.09973,67.56000,-1.40263,67.56000,-0.20902
67.57963,67.57000,533.12189,67.57000,-1.45331,67.57000,-0.20021
67.58964,67.58000,533.14557,67.58000,-1.50039,67.58000,-0.18277
67.59964,67.59000,533.17658,67.59000,-1.54152,67.59000,-0.15353
67.60964,67.60000,533.22040,67.60000,-1.57423,67.60000,-0.10911
67.61964,67.61000,533.28180,67.61000,-1.59588,67.61000,-0.04613
67.62964,67.62000,533.36493,67.62000,-1.60381,67.62000,0.03858
67.63964,67.63000,533.47266,67.63000,-1.59550,67.63000,0.14769
67.64964,67.64000,533.60651,67.64000,-1.56877,67.64000,0.28310
67.65965,67.65000,533.76611,67.65000,-1.52207,67.65000,0.44566
67.66965,67.66000,533.94946,67.66000,-1.45467,67.66000,0.63493
67.67965,67.67000,534.15253,67.67000,-1.36680,67.67000,0.84895
67.68965,67.68000,534.36945,67.68000,-1.25966,67.68000,1.08404
67.69965,67.69000,534.59296,67.69000,-1.13538,67.69000,1.33469
67.70965,67.70000,534.81476,67.70000,-0.99671,67.70000,1.59359
67.71965,67.71000,535.02643,67.71000,-0.84669,67.71000,1.85174
67.72966,67.72000,535.22009,67.72000,-0.68816,67.72000,2.09878
67.73966,67.73000,535.38934,67.73000,-0.52330,67.73000,2.32359
67.74966,67.74000,535.53021,67.74000,-0.35325,67.74000,2.51499
67.75966,67.75000,535.64185,67.75000,-0.17796,67.75000,2.66265
67.76966,67.76000,535.72662,67.76000,0.00365,67.76000,2.75795
67.77966,67.77000,535.79047,67.77000,0.19323,67.77000,2.79482
67.78966,67.78000,535.84222,67.78000,0.39213,67.78000,2.77025
67.79967,67.79000,535.89331,67.79000,0.60060,67.79000,2.68463
67.80967,67.80000,535.95636,67.80000,0.81689,67.80000,2.54166
67.81967,67.81000,536.04462,67.81000,1.03679,67.81000,2.34794
67.82967,67.82000,536.17029,67.82000,1.25363,67.82000,2.11231
67.83967,67.83000,536.34406,67.83000,1.45883,67.83000,1.84496
67.84967,67.84000,536.57379,67.84000,1.64276,67.84000,1.55650
67.85967,67.85000,536.86414,67.85000,1.79587,67.85000,1.25695
67.86968,67.86000,537.21600,67.86000,1.90977,67.86000,0.95504
67.87968,67.87000,537.62683,67.87000,1.97802,67.87000,0.65770
67.88968,67.88000,538.09082,67.88000,1.99672,67.88000,0.36985
67.89968,67.89000,538.59973,67.89000,1.96462,67.89000,0.09451
67.90968,67.90000,539.14386,67.90000,1.88299,67.90000,-0.16684
67.91968,67.91000,539.71326,67.91000,1.75524,67.91000,-0.41374
67.92968,67.92000,540.29877,67.92000,1.58643,67.92000,-0.64625
67.93969,67.93000,540.89301,67.93000,1.38269,67.93000,-0.86448
67.94969,67.94000,541.49091,67.94000,1.15077,67.94000,-1.06830
67.95969,67.95000,542.09003,67.95000,0.89763,67.95000,-1.25719
67.96969,67.96000,542.69049,67.96000,0.63017,67.96000,-1.43032
67.97969,67.97000,543.29456,67.97000,0.35509,67.97000,-1.58663
67.98969,67.98000,543.90643,67.98000,0.07876,67.98000,-1.72506
67.99969,67.99000,544.53125,67.99000,-0.19273,67.99000,-1.84465
68.00970,68.00000,545.17493,68.00000,-0.45358,68.00000,-1.94469
68.01970,68.01000,545.84332,68.01000,-0.69824,68.01000,-2.02481
68.02970,68.02000,546.54193,68.02000,-0.92151,68.02000,-2.08498
68.03970,68.03000,547.27545,68.03000,-1.11860,68.03000,-2.12557
68.04970,68.04000,548.04736,68.04000,-1.28526,68.04000,-2.14737
68.05970,68.05000,548.85999,68.05000,-1.41805,68.05000,-2.15157
68.06970,68.06000,549.71405,68.06000,-1.51450,68.06000,-2.13972
68.07971,68.07000,550.60877,68.07000,-1.57332,68.07000,-2.11376
68.08971,68.08000,551.54181,68.08000,-1.59452,68.08000,-2.07594
68.09971,68.09000,552.50940,68.09000,-1.57946,68.09000,-2.02884
68.10971,68.10000,553.50665,68.10000,-1.53080,68.10000,-1.97526
68.11971,68.11000,554.52741,68.11000,-1.45231,68.11000,-1.91824
68.12971,68.12000,555.56519,68.12000,-1.34871,68.12000,-1.86096
68.13971,68.13000,556.61273,68.13000,-1.22533,68.13000,-1.80664
68.14972,68.14000,557.66290,68.14000,-1.08787,68.14000,-1.75837
68.15972,68.15000,558.70850,68.15000,-0.94201,68.15000,-1.71895
68.16972,68.16000,559.74268,68.16000,-0.79321,68.16000,-1.69058
68.17972,68.17000,560.75897,68.17000,-0.64634,68.17000,-1.67472
68.18972,68.18000,561.75134,68.18000,-0.50558,68.18000,-1.67187
68.19972,68.19000,562.71466,68.19000,-0.37419,68.19000,-1.68146
68.20972,68.20000,563.64435,68.20000,-0.25454,68.20000,-1.70186
68.21973,68.21000,564.53699,68.21000,-0.14806,68.21000,-1.73047
68.22973,68.22000,565.38995,68.22000,-0.05534,68.22000,-1.76396
68.23973,68.23000,566.20203,68.23000,0.02377,68.23000,-1.79860
68.24973,68.24000,566.97290,68.24000,0.08993,68.24000,-1.83059
68.25973,68.25000,567.70386,68.25000,0.14416,68.25000,-1.85645
68.26973,68.26000,568.39716,68.26000,0.18758,68.26000,-1.87337
68.27973,68.27000,569.05658,68.27000,0.22131,68.27000,-1.87941
68.28974,68.28000,569.68689,68.28000,0.24625,68.28000,-1.87368
68.29974,68.29000,570.29376,68.29000,0.26304,68.29000,-1.85632
68.30974,68.30000,570.88342,68.30000,0.27193,68.30000,-1.82839
68.31974,68.31000,571.46234,68.31000,0.27283,68.31000,-1.79163
68.32974,68.32000,572.03687,68.32000,0.26523,68.32000,-1.74826
68.33974,68.33000,572.61279,68.33000,0.24838,68.33000,-1.70069
68.34974,68.34000,573.19482,68.34000,0.22132,68.34000,-1.65125
68.35975,68.35000,573.78668,68.35000,0.18308,68.35000,-1.60204
68.36975,68.36000,574.39063,68.36000,0.13279,68.36000,-1.55479
68.37975,68.37000,575.00714,68.37000,0.06979,68.37000,-1.51074
68.38975,68.38000,575.63550,68.38000,-0.00631,68.38000,-1.47060
68.39975,68.39000,576.27325,68.39000,-0.09572,68.39000,-1.43454
68.40975,68.40000,576.91687,68.40000,-0.19853,68.40000,-1.40211
68.41975,68.41000,577.56189,68.41000,-0.31483,68.41000,-1.37238
68.42976,68.42000,578.20343,68.42000,-0.44483,68.42000,-1.34392
68.43976,68.43000,578.83643,68.43000,-0.58899,68.43000,-1.31507
68.44976,68.44000,579.45630,68.44000,-0.74807,68.44000,-1.28406
68.45976,68.45000,580.05927,68.45000,-0.92314,68.45000,-1.24931
68.46976,68.46000,580.64264,68.46000,-1.11553,68.46000,-1.20960
68.47976,68.47000,581.20544,68.47000,-1.32678,68.47000,-1.16420
68.48976,68.48000,581.74829,68.48000,-1.55847,68.48000,-1.11293
68.49977,68.49000,582.27350,68.49000,-1.81204,68.49000,-1.05613
68.50977,68.50000,582.78503,68.50000,-2.08857,68.50000,-0.99454
68.51977,68.51000,583.28815,68.51000,-2.38856,68.51000,-0.92913
68.52977,68.52000,583.78906,68.52000,-2.71171,68.52000,-0.86094
68.53977,68.53000,584.29450,68.53000,-3.05676,68.53000,-0.79092
68.54977,68.54000,584.81110,68.54000,-3.42143,68.54000,-0.71978
68.55977,68.55000,585.34503,68.55000,-3.80239,68.55000,-0.64792
68.56978,68.56000,585.90149,68.56000,-4.19534,68.56000,-0.57541
68.57978,68.57000,586.48456,68.57000,-4.59526,68.57000,-0.50194
68.58978,68.58000,587.09656,68.58000,-4.99659,68.58000,-0.42697
68.59978,68.59000,587.73810,68.59000,-5.39358,68.59000,-0.34981
68.60978,68.60000,588.40808,68.60000,-5.78058,68.60000,-0.26976
68.61978,68.61000,589.10376,68.61000,-6.15231,68.61000,-0.18626
68.62978,68.62000,589.82068,68.62000,-6.50413,68.62000,-0.09903
68.63979,68.63000,590.55316,68.63000,-6.83219,68.63000,-0.00818
68.64979,68.64000,591.29437,68.64000,-7.13352,68.64000,0.08576
68.65979,68.65000,592.03717,68.65000,-7.40610,68.65000,0.18179
68.66979,68.66000,592.77393,68.66000,-7.64884,68.66000,0.27848
68.67979,68.67000,593.49756,68.67000,-7.86154,68.67000,0.37404
68.68979,68.68000,594.20154,68.68000,-8.04480,68.68000,0.46635
68.69979,68.69000,594.88055,68.69000,-8.19994,68.69000,0.55310
68.70980,68.70000,595.53070,68.70000,-8.32882,68.70000,0.63182
68.71980,68.71000,596.14954,68.71000,-8.43374,68.71000,0.70006
68.72980,68.72000,596.73602,68.72000,-8.51717,68.72000,0.75548
68.73980,68.73000,597.29053,68.73000,-8.58165,68.73000,0.79606
68.74980,68.74000,597.81445,68.74000,-8.62955,68.74000,0.82022
68.75980,68.75000,598.30988,68.75000,-8.66296,68.75000,0.82705
68.76980,68.76000,598.77905,68.76000,-8.68360,68.76000,0.81641
68.77981,68.77000,599.22412,68.77000,-8.69280,68.77000,0.78906
68.78981,68.78000,599.64679,68.78000,-8.69161,68.78000,0.74662
68.79981,68.79000,600.04791,68.79000,-8.68084,68.79000,0.69153
68.80981,68.80000,600.42755,68.80000,-8.66124,68.80000,0.62684
68.81981,68.81000,600.78497,68.81000,-8.63359,68.81000,0.55599
68.82981,68.82000,601.11884,68.82000,-8.59873,68.82000,0.48251
68.83981,68.83000,601.42773,68.83000,-8.55754,68.83000,0.40975
68.84982,68.84000,601.71021,68.84000,-8.51090,68.84000,0.34064
68.85982,68.85000,601.96570,68.85000,-8.45957,68.85000,0.27750
68.86982,68.86000,602.19458,68.86000,-8.40414,68.86000,0.22197
68.87982,68.87000,602.39868,68.87000,-8.34500,68.87000,0.17497
68.88982,68.88000,602.58136,68.88000,-8.28245,68.88000,0.13678
68.89982,68.89000,602.74768,68.89000,-8.21671,68.89000,0.10719
68.90982,68.90000,602.90387,68.90000,-8.14804,68.90000,0.08565
68.91983,68.91000,603.05707,68.91000,-8.07690,68.91000,0.07143
68.92983,68.92000,603.21460,68.92000,-8.00404,68.92000,0.06378
68.93983,68.93000,603.38355,68.93000,-7.93068,68.93000,0.06198
68.94983,68.94000,603.57013,68.94000,-7.85861,68.94000,0.06541
68.95983,68.95000,603.77918,68.95000,-7.79023,68.95000,0.07351
68.96983,68.96000,604.01379,68.96000,-7.72853,68.96000,0.08580
68.97983,68.97000,604.27539,68.97000,-7.67694,68.97000,0.10177
68.98984,68.98000,604.56342,68.98000,-7.63915,68.98000,0.12082
68.99984,68.99000,604.87573,68.99000,-7.61879,68.99000,0.14226
69.00984,69.00000,605.20886,69.00000,-7.61920,69.00000,0.16515
69.01984,69.01000,605.55829,69.01000,-7.64308,69.01000,0.18832
69.02984,69.02000,605.91895,69.02000,-7.69228,69.02000,0.21034
69.03984,69.03000,606.28571,69.03000,-7.76754,69.03000,0.22955
69.04984,69.04000,606.65375,69.04000,-7.86843,69.04000,0.24411
69.05985,69.05000,607.01886,69.05000,-7.99325,69.05000,0.25215
69.06985,69.06000,607.37769,69.06000,-8.13911,69.06000,0.25194
69.07985,69.07000,607.72797,69.07000,-8.30204,69.07000,0.24205
69.08985,69.08000,608.06824,69.08000,-8.47710,69.08000,0.22151
69.09985,69.09000,608.39801,69.09000,-8.65866,69.09000,0.18998
69.10985,69.10000,608.71735,69.10000,-8.84053,69.10000,0.14776
69.11985,69.11000,609.02679,69.11000,-9.01627,69.11000,0.09579
69.12986,69.12000,609.32721,69.12000,-9.17941,69.12000,0.03555
69.13986,69.13000,609.61939,69.13000,-9.32379,69.13000,-0.03111
69.14986,69.14000,609.90430,69.14000,-9.44384,69.14000,-0.10207
69.15986,69.15000,610.18256,69.15000,-9.53483,69.15000,-0.17518
69.16986,69.16000,610.45483,69.16000,-9.59317,69.16000,-0.24837
69.17986,69.17000,610.72180,69.17000,-9.61651,69.17000,-0.31980
69.18986,69.18000,610.98377,69.18000,-9.60383,69.18000,-0.38793
69.19987,69.19000,611.24139,69.19000,-9.55550,69.19000,-0.45159
69.20987,69.20000,611.49518,69.20000,-9.47318,69.20000,-0.51006
69.21987,69.21000,611.74567,69.21000,-9.35968,69.21000,-0.56300
69.22987,69.22000,611.99359,69.22000,-9.21886,69.22000,-0.61046
69.23987,69.23000,612.23962,69.23000,-9.05531,69.23000,-0.65283
69.24987,69.24000,612.48444,69.24000,-8.87418,69.24000,-0.69075
69.25987,69.25000,612.72876,69.25000,-8.68088,69.25000,-0.72500
69.26988,69.26000,612.97327,69.26000,-8.48083,69.26000,-0.75643
69.27988,69.27000,613.21838,69.27000,-8.27927,69.27000,-0.78585
69.28988,69.28000,613.46472,69.28000,-8.08099,69.28000,-0.81391
69.29988,69.29000,613.71246,69.29000,-7.89015,69.29000,-0.84107
69.30988,69.30000,613.96173,69.30000,-7.71015,69.30000,-0.86749
69.31988,69.31000,614.21240,69.31000,-7.54342,69.31000,-0.89307
69.32988,69.32000,614.46405,69.32000,-7.39134,69.32000,-0.91740
69.33989,69.33000,614.71588,69.33000,-7.25419,69.33000,-0.93986
69.34989,69.34000,614.96680,69.34000,-7.13114,69.34000,-0.95972
69.35989,69.35000,615.21527,69.35000,-7.02032,69.35000,-0.97626
69.36989,69.36000,615.45966,69.36000,-6.91903,69.36000,-0.98889
69.37989,69.37000,615.69818,69.37000,-6.82396,69.37000,-0.99729
69.38989,69.38000,615.92932,69.38000,-6.73154,69.38000,-1.00147
69.39989,69.39000,616.15186,69.39000,-6.63831,69.39000,-1.00181
69.40989,69.40000,616.36523,69.40000,-6.54124,69.40000,-0.99901
69.41990,69.41000,616.56970,69.41000,-6.43800,69.41000,-0.99410
69.42990,69.42000,616.76617,69.42000,-6.32716,69.42000,-0.98830
69.43990,69.43000,616.95618,69.43000,-6.20821,69.43000,-0.98299
69.44990,69.44000,617.14179,69.44000,-6.08152,69.44000,-0.97962
69.45990,69.45000,617.32538,69.45000,-5.94820,69.45000,-0.97964
69.46990,69.46000,617.50922,69.46000,-5.80984,69.46000,-0.98444
69.47990,69.47000,617.69550,69.47000,-5.66838,69.47000,-0.99526
69.48991,69.48000,617.88586,69.48000,-5.52582,69.48000,-1.01314
69.49991,69.49000,618.08160,69.49000,-5.38410,69.49000,-1.03889
69.50991,69.50000,618.28339,69.50000,-5.24493,69.50000,-1.07300
69.51991,69.51000,618.49133,69.51000,-5.10973,69.51000,-1.11567
69.52991,69.52000,618.70520,69.52000,-4.97949,69.52000,-1.16673
69.53991,69.53000,618.92438,69.53000,-4.85479,69.53000,-1.22572
69.54991,69.54000,619.14807,69.54000,-4.73574,69.54000,-1.29182
69.55992,69.55000,619.37549,69.55000,-4.62198,69.55000,-1.36397
69.56992,69.56000,619.60571,69.56000,-4.51280,69.56000,-1.44090
69.57992,69.57000,619.83814,69.57000,-4.40717,69.57000,-1.52120
69.58992,69.58000,620.07214,69.58000,-4.30395,69.58000,-1.60340
69.59992,69.59000,620.30725,69.59000,-4.20201,69.59000,-1.68611
69.60992,69.60000,620.54321,69.60000,-4.10041,69.60000,-1.76804
69.61992,69.61000,620.77966,69.61000,-3.99850,69.61000,-1.84812
69.62993,69.62000,621.01642,69.62000,-3.89603,69.62000,-1.92552
69.63993,69.63000,621.25311,69.63000,-3.79316,69.63000,-1.99965
69.64993,69.64000,621.48944,69.64000,-3.69041,69.64000,-2.07021
69.65993,69.65000,621.72485,69.65000,-3.58861,69.65000,-2.13714
69.66993,69.66000,621.95880,69.66000,-3.48877,69.66000,-2.20057
69.67993,69.67000,622.19074,69.67000,-3.39196,69.67000,-2.26078
69.68993,69.68000,622.42011,69.68000,-3.29916,69.68000,-2.31813
69.69994,69.69000,622.64624,69.69000,-3.21114,69.69000,-2.37292
69.70994,69.70000,622.86890,69.70000,-3.12840,69.70000,-2.42539
69.71994,69.71000,623.08771,69.71000,-3.05103,69.71000,-2.47557
69.72994,69.72000,623.30280,69.72000,-2.97872,69.72000,-2.52324
69.73994,69.73000,623.51434,69.73000,-2.91077,69.73000,-2.56787
69.74994,69.74000,623.72272,69.74000,-2.84609,69.74000,-2.60866
69.75994,69.75000,623.92859,69.75000,-2.78331,69.75000,-2.64450
69.76995,69.76000,624.13281,69.76000,-2.72084,69.76000,-2.67410
69.77995,69.77000,624.33630,69.77000,-2.65703,69.77000,-2.69604
69.78995,69.78000,624.53992,69.78000,-2.59023,69.78000,-2.70893
69.79995,69.79000,624.74469,69.79000,-2.51894,69.79000,-2.71159
69.80995,69.80000,624.95142,69.80000,-2.44186,69.80000,-2.70314
69.81995,69.81000,625.16095,69.81000,-2.35803,69.81000,-2.68318
69.82995,69.82000,625.37408,69.82000,-2.26683,69.82000,-2.65187
69.83996,69.83000,625.59155,69.83000,-2.16799,69.83000,-2.61000
69.84996,69.84000,625.81415,69.84000,-2.06167,69.84000,-2.55895
69.85996,69.85000,626.04279,69.85000,-1.94833,69.85000,-2.50069
69.86996,69.86000,626.27863,69.86000,-1.82876,69.86000,-2.43761
69.87996,69.87000,626.52301,69.87000,-1.70396,69.87000,-2.37238
69.88996,69.88000,626.77747,69.88000,-1.57513,69.88000,-2.30781
69.89996,69.89000,627.04382,69.89000,-1.44359,69.89000,-2.24665
69.90997,69.90000,627.32385,69.90000,-1.31078,69.90000,-2.19142
69.91997,69.91000,627.61926,69.91000,-1.17822,69.91000,-2.14428
69.92997,69.92000,627.93152,69.92000,-1.04749,69.92000,-2.10691
69.93997,69.93000,628.26166,69.93000,-0.92029,69.93000,-2.08046
69.94997,69.94000,628.61005,69.94000,-0.79832,69.94000,-2.06551
69.95997,69.95000,628.97626,69.95000,-0.68334,69.95000,-2.06208
69.96997,69.96000,629.35889,69.96000,-0.57699,69.96000,-2.06964
69.97998,69.97000,629.75543,69.97000,-0.48077,69.97000,-2.08719
69.98998,69.98000,630.16217,69.98000,-0.39588,69.98000,-2.11329
69.99998,69.99000,630.57428,69.99000,-0.32313,69.99000,-2.14619
70.00998,70.00000,630.98590,70.00000,-0.26285,70.00000,-2.18391
70.01998,70.01000,631.39026,70.01000,-0.21485,70.01000,-2.22438
70.02998,70.02000,631.77979,70.02000,-0.17842,70.02000,-2.26553
70.03998,70.03000,632.14691,70.03000,-0.15239,70.03000,-2.30544
70.04999,70.04000,632.48401,70.04000,-0.13526,70.04000,-2.34242
70.05999,70.05000,632.78418,70.05000,-0.12530,70.05000,-2.37515
70.06999,70.06000,633.04193,70.06000,-0.12074,70.06000,-2.40273
70.07999,70.07000,633.25342,70.07000,-0.11985,70.07000,-2.42469
70.08999,70.08000,633.41742,70.08000,-0.12110,70.08000,-2.44109
70.09999,70.09000,633.53558,70.09000,-0.12322,70.09000,-2.45236
70.10999,70.10000,633.61267,70.10000,-0.12531,70.10000,-2.45934
70.12000,70.11000,633.65613,70.11000,-0.12684,70.11000,-2.46307
70.13000,70.12000,633.67578,70.12000,-0.12766,70.12000,-2.46466
70.14000,70.13000,633.68195,70.13000,-0.12795,70.13000,-2.46513
70.15000,70.14000,633.68292,70.14000,-0.12800,70.14000,-2.46520
